1	100
2	100
3	66.6667
4	66.6667
5	66.6667
6	66.6667
7	66.6667
8	66.6667
9	66.6667
10	30
11	36.3636
12	41.6667
13	41.6667
14	41.6667
15	40
16	43.75
17	43.75
18	43.75
19	42.1053
20	42.1053
21	42.8571
22	45.4545
23	47.8261
24	47.8261
25	48
26	48
27	48
28	46.4286
29	46.4286
30	46.4286
31	46.4286
32	46.4286
33	42.4242
34	44.1176
35	44.1176
36	44.4444
37	45.9459
38	47.3684
39	47.3684
40	47.5
41	47.5
42	47.5
43	47.5
44	47.5
45	47.5
46	47.5
47	47.5
48	47.5
49	40.8163
50	42
51	42
52	42.3077
53	43.3962
54	44.4444
55	45.4545
56	45.4545
57	45.4545
58	44.8276
59	45.7627
60	45.7627
61	45.9016
62	45.9016
63	46.0317
64	46.0317
65	46.0317
66	45.4545
67	45.4545
68	45.4545
69	45.4545
70	45.4545
71	43.662
72	43.662
73	43.8356
74	43.8356
75	43.8356
76	43.8356
77	43.8356
78	43.8356
79	43.8356
80	41.25
81	41.25
82	41.25
83	41.25
84	40.4762
85	41.1765
86	41.1765
87	41.3793
88	42.0455
89	42.6966
90	43.3333
91	43.956
92	43.956
93	44.086
94	44.086
95	44.086
96	44.086
97	44.086
98	44.086
99	42.4242
100	43
101	43.5644
102	44.1176
103	44.6602
104	45.1923
105	45.1923
106	45.283
107	45.7944
108	46.2963
109	46.789
110	46.789
111	46.8468
112	47.3214
113	47.7876
114	47.7876
115	47.7876
116	47.7876
117	47.0085
118	47.0085
119	47.0588
120	47.0588
121	47.1074
122	47.541
123	47.9675
124	48.3871
125	48.8
126	48.8
127	48.8189
128	48.8189
129	48.8189
130	48.4615
131	48.4615
132	48.4848
133	48.8722
134	49.2537
135	49.6296
136	49.6296
137	49.635
138	49.635
139	49.635
140	49.635
141	49.635
142	48.5915
143	48.951
144	48.951
145	48.951
146	48.951
147	48.2993
148	48.2993
149	48.3221
150	48.6667
151	48.6667
152	48.6842
153	49.0196
154	49.0196
155	49.0196
156	49.0196
157	49.0196
158	49.0196
159	47.7987
160	48.125
161	48.125
162	48.1481
163	48.1481
164	48.1481
165	48.1481
166	48.1481
167	48.1481
168	47.0238
169	47.0238
170	47.0588
171	47.0588
172	47.0588
173	46.8208
174	47.1264
175	47.1264
176	47.1264
177	46.8927
178	47.191
179	47.191
180	47.191
181	47.191
182	47.191
183	46.4481
184	46.4481
185	46.4481
186	46.2366
187	46.2366
188	46.2766
189	46.2766
190	46.2766
191	46.0733
192	46.3542
193	46.3542
194	46.3918
195	46.3918
196	46.4286
197	46.4286
198	46.4286
199	46.2312
200	46.2312
201	46.2687
202	46.5347
203	46.5347
204	46.5686
205	46.8293
206	47.0874
207	47.343
208	47.343
209	47.343
210	47.1429
211	47.3934
212	47.6415
213	47.6415
214	47.6636
215	47.6636
216	47.6636
217	47.6636
218	47.6636
219	47.6636
220	47.6636
221	46.6063
222	46.8468
223	46.8468
224	46.8468
225	46.8468
226	46.8468
227	46.2555
228	46.2555
229	46.2882
230	46.5217
231	46.5217
232	46.5217
233	46.5217
234	46.1538
235	46.1538
236	46.1538
237	46.1538
238	45.7983
239	46.0251
240	46.0251
241	46.0251
242	45.8678
243	46.0905
244	46.0905
245	46.0905
246	45.935
247	45.935
248	45.9677
249	46.1847
250	46.1847
251	46.2151
252	46.4286
253	46.4286
254	46.4286
255	46.4286
256	46.0938
257	46.3035
258	46.5116
259	46.5116
260	46.5385
261	46.5385
262	46.5385
263	46.5385
264	46.5385
265	46.5385
266	45.8647
267	46.0674
268	46.2687
269	46.4684
270	46.6667
271	46.6667
272	46.6667
273	46.6667
274	46.6667
275	46.1818
276	46.3768
277	46.3768
278	46.3768
279	46.3768
280	46.0714
281	46.0714
282	46.0993
283	46.0993
284	46.0993
285	45.9649
286	46.1538
287	46.1538
288	46.1806
289	46.1806
290	46.1806
291	46.1806
292	45.8904
293	46.0751
294	46.2585
295	46.4407
296	46.4407
297	46.4646
298	46.6443
299	46.6443
300	46.6667
301	46.6667
302	46.6887
303	46.6887
304	46.6887
305	46.6887
306	46.6887
307	46.6887
308	46.6887
309	46.6887
310	45.8064
311	45.8064
312	45.8333
313	45.8333
314	45.8599
315	46.0317
316	46.2025
317	46.2025
318	46.2264
319	46.2264
320	46.25
321	46.25
322	46.25
323	46.25
324	45.9877
325	46.1538
326	46.1538
327	46.1538
328	46.0366
329	46.0366
330	46.0606
331	46.2236
332	46.2236
333	46.2236
334	46.2236
335	46.2236
336	45.8333
337	45.9941
338	46.1538
339	46.3127
340	46.4706
341	46.4706
342	46.4912
343	46.4912
344	46.4912
345	46.3768
346	46.3768
347	46.3768
348	46.3768
349	46.3768
350	46
351	46.1538
352	46.1538
353	46.1538
354	46.0452
355	46.1972
356	46.3483
357	46.4986
358	46.4986
359	46.5181
360	46.6667
361	46.6667
362	46.6851
363	46.6851
364	46.6851
365	46.6851
366	46.6851
367	46.6851
368	46.1957
369	46.3415
370	46.4865
371	46.6307
372	46.6307
373	46.6488
374	46.6488
375	46.6667
376	46.6667
377	46.6667
378	46.5608
379	46.7018
380	46.7018
381	46.7018
382	46.5969
383	46.5969
384	46.6146
385	46.7532
386	46.7532
387	46.7532
388	46.6495
389	46.7866
390	46.9231
391	46.9231
392	46.9231
393	46.8193
394	46.8193
395	46.8354
396	46.9697
397	47.1033
398	47.1033
399	47.1033
400	47.1033
401	47.1033
402	47.1033
403	47.1033
404	47.1033
405	46.4198
406	46.5517
407	46.5517
408	46.5686
409	46.6993
410	46.6993
411	46.7153
412	46.8447
413	46.9734
414	47.1014
415	47.1014
416	47.1014
417	47.0024
418	47.1292
419	47.2554
420	47.2554
421	47.2554
422	47.2554
423	47.0449
424	47.1698
425	47.2941
426	47.4178
427	47.541
428	47.6636
429	47.7855
430	47.7855
431	47.7958
432	47.7958
433	47.7958
434	47.7958
435	47.7958
436	47.7958
437	47.7958
438	47.7958
439	47.1526
440	47.2727
441	47.2727
442	47.2727
443	47.1783
444	47.2973
445	47.2973
446	47.2973
447	47.2973
448	47.2973
449	47.2973
450	47.2973
451	46.7849
452	46.9027
453	46.9027
454	46.9163
455	47.033
456	47.1491
457	47.2648
458	47.2648
459	47.2648
460	47.2648
461	47.2648
462	46.9697
463	47.0842
464	47.0842
465	47.0842
466	47.0842
467	46.8951
468	46.8951
469	46.9083
470	46.9083
471	46.9083
472	46.9083
473	46.723
474	46.8354
475	46.9474
476	47.0588
477	47.0588
478	47.0588
479	46.9729
480	47.0833
481	47.1933
482	47.1933
483	47.205
484	47.205
485	47.205
486	47.1193
487	47.2279
488	47.3361
489	47.3361
490	47.3361
491	47.2505
492	47.2505
493	47.2617
494	47.3684
495	47.4747
496	47.4747
497	47.4849
498	47.5904
499	47.5904
500	47.6
501	47.7046
502	47.8088
503	47.8088
504	47.8088
505	47.8088
506	47.8088
507	47.8088
508	47.4409
509	47.4409
510	47.451
511	47.5538
512	47.5538
513	47.5538
514	47.4708
515	47.4708
516	47.4806
517	47.5822
518	47.5822
519	47.5822
520	47.5
521	47.6008
522	47.6008
523	47.6008
524	47.5191
525	47.5191
526	47.5285
527	47.6281
528	47.7273
529	47.8261
530	47.8261
531	47.8343
532	47.8343
533	47.8343
534	47.7528
535	47.7528
536	47.7528
537	47.6723
538	47.7695
539	47.7695
540	47.7695
541	47.7695
542	47.7695
543	47.5138
544	47.6103
545	47.6103
546	47.619
547	47.619
548	47.619
549	47.541
550	47.6364
551	47.6364
552	47.6449
553	47.7396
554	47.7396
555	47.7396
556	47.7396
557	47.7396
558	47.491
559	47.491
560	47.491
561	47.491
562	47.331
563	47.4245
564	47.4245
565	47.4245
566	47.3498
567	47.3498
568	47.3498
569	47.2759
570	47.2759
571	47.2855
572	47.2855
573	47.2949
574	47.2949
575	47.2949
576	47.2949
577	47.2949
578	47.2949
579	47.2949
580	46.8966
581	46.988
582	46.988
583	46.988
584	46.9178
585	47.0085
586	47.0085
587	47.0187
588	47.1088
589	47.1986
590	47.1986
591	47.1986
592	47.1986
593	47.0489
594	47.138
595	47.138
596	47.1477
597	47.2362
598	47.3244
599	47.4124
600	47.4124
601	47.421
602	47.5083
603	47.5954
604	47.6821
605	47.7686
606	47.7686
607	47.7686
608	47.6974
609	47.6974
610	47.6974
611	47.6268
612	47.7124
613	47.7124
614	47.7199
615	47.7199
616	47.7199
617	47.7199
618	47.7199
619	47.7199
620	47.4194
621	47.4194
622	47.4194
623	47.3515
624	47.4359
625	47.4359
626	47.4441
627	47.4441
628	47.4441
629	47.3768
630	47.4603
631	47.5436
632	47.5436
633	47.5436
634	47.5436
635	47.5436
636	47.5436
637	47.2527
638	47.2527
639	47.2613
640	47.2613
641	47.2699
642	47.2699
643	47.2699
644	47.205
645	47.205
646	47.2136
647	47.2136
648	47.2136
649	47.2136
650	47.0769
651	47.0769
652	47.0859
653	47.1669
654	47.2477
655	47.2477
656	47.2561
657	47.3364
658	47.4164
659	47.4164
660	47.4164
661	47.4164
662	47.4164
663	47.2097
664	47.2097
665	47.2097
666	47.2097
667	47.0765
668	47.0765
669	47.0852
670	47.0852
671	47.0852
672	47.0238
673	47.1025
674	47.181
675	47.2593
676	47.2593
677	47.2674
678	47.3451
679	47.3451
680	47.3451
681	47.3451
682	47.3451
683	47.1449
684	47.2222
685	47.2993
686	47.3761
687	47.4527
688	47.5291
689	47.6052
690	47.6812
691	47.6812
692	47.6812
693	47.619
694	47.6945
695	47.6945
696	47.7011
697	47.7011
698	47.7077
699	47.7077
700	47.7143
701	47.7889
702	47.7889
703	47.7952
704	47.7952
705	47.7952
706	47.7952
707	47.7952
708	47.5989
709	47.5989
710	47.6056
711	47.6056
712	47.6124
713	47.6858
714	47.6858
715	47.6923
716	47.7654
717	47.8382
718	47.8382
719	47.8442
720	47.8442
721	47.8502
722	47.9224
723	47.9224
724	47.9224
725	47.9224
726	47.9224
727	47.9224
728	47.6648
729	47.7366
730	47.7366
731	47.7366
732	47.6776
733	47.6776
734	47.6776
735	47.6776
736	47.5543
737	47.6255
738	47.6255
739	47.6255
740	47.5676
741	47.6383
742	47.6383
743	47.6447
744	47.6447
745	47.651
746	47.7212
747	47.7912
748	47.7912
749	47.7912
750	47.7333
751	47.7333
752	47.7333
753	47.676
754	47.7454
755	47.8146
756	47.8146
757	47.8146
758	47.7573
759	47.7573
760	47.7573
761	47.7004
762	47.769
763	47.769
764	47.7749
765	47.7749
766	47.7749
767	47.7184
768	47.7184
769	47.7243
770	47.7243
771	47.7243
772	47.7243
773	47.6067
774	47.6067
775	47.6129
776	47.6804
777	47.7477
778	47.8149
779	47.8149
780	47.8149
781	47.8149
782	47.6982
783	47.765
784	47.8316
785	47.8316
786	47.8372
787	47.8372
788	47.8372
789	47.782
790	47.782
791	47.7876
792	47.7876
793	47.7876
794	47.7876
795	47.7876
796	47.7876
797	47.5533
798	47.619
799	47.6846
800	47.75
801	47.8152
802	47.8152
803	47.8152
804	47.7612
805	47.7612
806	47.7668
807	47.8315
808	47.8315
809	47.8315
810	47.8315
811	47.7189
812	47.7833
813	47.7833
814	47.7833
815	47.7833
816	47.7833
817	47.7833
818	47.555
819	47.619
820	47.6829
821	47.7467
822	47.7467
823	47.7467
824	47.6942
825	47.6942
826	47.6998
827	47.6998
828	47.6998
829	47.6998
830	47.6998
831	47.6998
832	47.6998
833	47.6998
834	47.6998
835	47.3054
836	47.3684
837	47.4313
838	47.494
839	47.494
840	47.494
841	47.494
842	47.494
843	47.494
844	47.2749
845	47.2749
846	47.2749
847	47.2749
848	47.1698
849	47.232
850	47.232
851	47.232
852	47.232
853	47.232
854	47.232
855	47.232
856	46.9626
857	47.0245
858	47.0245
859	47.0245
860	46.9767
861	46.9767
862	46.9838
863	46.9838
864	46.9907
865	46.9907
866	46.9907
867	46.9435
868	46.9435
869	46.9435
870	46.8966
871	46.8966
872	46.8966
873	46.8966
874	46.7963
875	46.8571
876	46.8571
877	46.8643
878	46.9248
879	46.9248
880	46.9318
881	46.9921
882	47.0522
883	47.1121
884	47.1121
885	47.1186
886	47.1783
887	47.1783
888	47.1847
889	47.1847
890	47.1847
891	47.1847
892	47.0852
893	47.0852
894	47.0852
895	47.0852
896	47.0852
897	46.9342
898	46.9933
899	47.0523
900	47.1111
901	47.1111
902	47.1111
903	47.0653
904	47.0653
905	47.0718
906	47.1302
907	47.1885
908	47.1885
909	47.1885
910	47.1885
911	47.0911
912	47.1491
913	47.1491
914	47.1491
915	47.1491
916	47.1491
917	47.0011
918	47.0011
919	47.0076
920	47.0652
921	47.1227
922	47.1227
923	47.1227
924	47.1227
925	47.027
926	47.027
927	47.027
928	46.9828
929	46.9828
930	46.9828
931	46.9828
932	46.8884
933	46.9453
934	46.9453
935	46.9453
936	46.9453
937	46.8517
938	46.9083
939	46.9649
940	46.9649
941	46.9713
942	46.9713
943	46.9777
944	47.0339
945	47.0899
946	47.0899
947	47.0961
948	47.0961
949	47.0961
950	47.0526
951	47.1083
952	47.1083
953	47.1144
954	47.1144
955	47.1144
956	47.0711
957	47.1264
958	47.1264
959	47.1264
960	47.0833
961	47.1384
962	47.1384
963	47.1384
964	47.1384
965	47.1384
966	47.1384
967	46.9493
968	47.0041
969	47.0041
970	47.0041
971	47.0041
972	47.0041
973	47.0041
974	46.8172
975	46.8172
976	46.8238
977	46.8238
978	46.8303
979	46.8303
980	46.8367
981	46.8367
982	46.8432
983	46.8432
984	46.8496
985	46.9036
986	46.9036
987	46.9036
988	46.8623
989	46.9161
990	46.9697
991	46.9697
992	46.9758
993	46.9758
994	46.9819
995	47.0352
996	47.0352
997	47.0411
998	47.0942
999	47.1471
1000	47.1471
1001	47.1471
1002	47.1471
1003	47.1471
1004	47.012
1005	47.012
1006	47.0179
1007	47.0705
1008	47.123
1009	47.1754
1010	47.1754
1011	47.1754
1012	47.1754
1013	47.1754
1014	47.1754
1015	47.1754
1016	46.9488
1017	46.9488
1018	46.9488
1019	46.9488
1020	46.9488
1021	46.9488
1022	46.771
1023	46.8231
1024	46.875
1025	46.875
1026	46.875
1027	46.875
1028	46.7899
1029	46.8416
1030	46.8416
1031	46.8416
1032	46.8416
1033	46.757
1034	46.8085
1035	46.8599
1036	46.8599
1037	46.866
1038	46.866
1039	46.872
1040	46.872
1041	46.872
1042	46.872
1043	46.872
1044	46.872
1045	46.872
1046	46.6539
1047	46.7049
1048	46.7049
1049	46.7112
1050	46.7112
1051	46.7112
1052	46.7112
1053	46.7112
1054	46.7112
1055	46.5403
1056	46.5909
1057	46.5909
1058	46.5974
1059	46.6478
1060	46.6478
1061	46.6478
1062	46.6478
1063	46.5663
1064	46.6165
1065	46.6165
1066	46.6165
1067	46.5792
1068	46.5792
1069	46.5792
1070	46.5421
1071	46.592
1072	46.592
1073	46.5983
1074	46.648
1075	46.6977
1076	46.7472
1077	46.7472
1078	46.7532
1079	46.7532
1080	46.7532
1081	46.7532
1082	46.6728
1083	46.7221
1084	46.7221
1085	46.7221
1086	46.7221
1087	46.7221
1088	46.7221
1089	46.7221
1090	46.7221
1091	46.4711
1092	46.4711
1093	46.4711
1094	46.4351
1095	46.4351
1096	46.4351
1097	46.3993
1098	46.4481
1099	46.4968
1100	46.5455
1101	46.5455
1102	46.5517
1103	46.5517
1104	46.5517
1105	46.5158
1106	46.5158
1107	46.5158
1108	46.5158
1109	46.4382
1110	46.4382
1111	46.4382
1112	46.4382
1113	46.3612
1114	46.4093
1115	46.4574
1116	46.5054
1117	46.5533
1118	46.5533
1119	46.5594
1120	46.5594
1121	46.5656
1122	46.5656
1123	46.5717
1124	46.5717
1125	46.5717
1126	46.5364
1127	46.5364
1128	46.5364
1129	46.5013
1130	46.5487
1131	46.5487
1132	46.5487
1133	46.5137
1134	46.5608
1135	46.6079
1136	46.6549
1137	46.7018
1138	46.7018
1139	46.7076
1140	46.7076
1141	46.7076
1142	46.7076
1143	46.7076
1144	46.7076
1145	46.7076
1146	46.5096
1147	46.5562
1148	46.6028
1149	46.6028
1150	46.6028
1151	46.6028
1152	46.6028
1153	46.4874
1154	46.4874
1155	46.4874
1156	46.4874
1157	46.4874
1158	46.4874
1159	46.4874
1160	46.4874
1161	46.4874
1162	46.4874
1163	46.1737
1164	46.2199
1165	46.2661
1166	46.3122
1167	46.3122
1168	46.3185
1169	46.3644
1170	46.3644
1171	46.3706
1172	46.4164
1173	46.4621
1174	46.4621
1175	46.4681
1176	46.5136
1177	46.559
1178	46.6044
1179	46.6044
1180	46.6044
1181	46.6044
1182	46.6044
1183	46.6044
1184	46.4527
1185	46.4979
1186	46.543
1187	46.588
1188	46.633
1189	46.633
1190	46.6387
1191	46.6387
1192	46.6387
1193	46.6387
1194	46.6387
1195	46.5272
1196	46.5272
1197	46.5272
1198	46.4942
1199	46.5388
1200	46.5833
1201	46.6278
1202	46.6278
1203	46.6278
1204	46.6278
1205	46.6278
1206	46.5174
1207	46.5617
1208	46.5617
1209	46.5617
1210	46.5289
1211	46.5731
1212	46.6172
1213	46.6172
1214	46.6227
1215	46.6227
1216	46.6227
1217	46.59
1218	46.6338
1219	46.6776
1220	46.7213
1221	46.7649
1222	46.7649
1223	46.7702
1224	46.8137
1225	46.8137
1226	46.8137
1227	46.8137
1228	46.7427
1229	46.7427
1230	46.748
1231	46.748
1232	46.7532
1233	46.7532
1234	46.7585
1235	46.8016
1236	46.8016
1237	46.8016
1238	46.769
1239	46.8119
1240	46.8119
1241	46.8171
1242	46.8171
1243	46.8171
1244	46.7846
1245	46.7846
1246	46.7897
1247	46.7897
1248	46.7897
1249	46.7897
1250	46.72
1251	46.72
1252	46.72
1253	46.72
1254	46.6507
1255	46.6507
1256	46.6561
1257	46.6561
1258	46.6561
1259	46.6561
1260	46.5873
1261	46.5873
1262	46.5927
1263	46.5927
1264	46.5981
1265	46.5981
1266	46.5981
1267	46.5667
1268	46.5667
1269	46.5667
1270	46.5667
1271	46.5667
1272	46.5667
1273	46.4258
1274	46.4678
1275	46.4678
1276	46.4678
1277	46.437
1278	46.437
1279	46.437
1280	46.437
1281	46.437
1282	46.3339
1283	46.3757
1284	46.4174
1285	46.4174
1286	46.423
1287	46.423
1288	46.423
1289	46.423
1290	46.3566
1291	46.3981
1292	46.3981
1293	46.3981
1294	46.3679
1295	46.3679
1296	46.3679
1297	46.3679
1298	46.302
1299	46.302
1300	46.3077
1301	46.349
1302	46.349
1303	46.3546
1304	46.3957
1305	46.4368
1306	46.4778
1307	46.5187
1308	46.5187
1309	46.5187
1310	46.4885
1311	46.4885
1312	46.4885
1313	46.4585
1314	46.4585
1315	46.4585
1316	46.4585
1317	46.4585
1318	46.4585
1319	46.4585
1320	46.4585
1321	46.4585
1322	46.4585
1323	46.4585
1324	46.148
1325	46.148
1326	46.1538
1327	46.1538
1328	46.1538
1329	46.1538
1330	46.1538
1331	46.0556
1332	46.0556
1333	46.0615
1334	46.1019
1335	46.1019
1336	46.1078
1337	46.1481
1338	46.1883
1339	46.2285
1340	46.2687
1341	46.3087
1342	46.3487
1343	46.3887
1344	46.3887
1345	46.3887
1346	46.3596
1347	46.3994
1348	46.4392
1349	46.4789
1350	46.4789
1351	46.4841
1352	46.5237
1353	46.5237
1354	46.5237
1355	46.5237
1356	46.5237
1357	46.5237
1358	46.5237
1359	46.3576
1360	46.3971
1361	46.3971
1362	46.3971
1363	46.3971
1364	46.3971
1365	46.3971
1366	46.3971
1367	46.2326
1368	46.2326
1369	46.2381
1370	46.2381
1371	46.2381
1372	46.2099
1373	46.2491
1374	46.2491
1375	46.2545
1376	46.2545
1377	46.2545
1378	46.2264
1379	46.2264
1380	46.2319
1381	46.2708
1382	46.3097
1383	46.3097
1384	46.3097
1385	46.3097
1386	46.2482
1387	46.2869
1388	46.3256
1389	46.3256
1390	46.3309
1391	46.3309
1392	46.3309
1393	46.3309
1394	46.3309
1395	46.2366
1396	46.2751
1397	46.3135
1398	46.3519
1399	46.3903
1400	46.3903
1401	46.3903
1402	46.3623
1403	46.4006
1404	46.4006
1405	46.4057
1406	46.4438
1407	46.4819
1408	46.4819
1409	46.4869
1410	46.5248
1411	46.5248
1412	46.5297
1413	46.5297
1414	46.5297
1415	46.5018
1416	46.5395
1417	46.5773
1418	46.615
1419	46.6526
1420	46.6526
1421	46.6573
1422	46.6573
1423	46.6573
1424	46.6573
1425	46.6573
1426	46.5638
1427	46.6013
1428	46.6013
1429	46.6013
1430	46.6013
1431	46.6013
1432	46.6013
1433	46.6013
1434	46.4435
1435	46.4435
1436	46.4435
1437	46.4435
1438	46.4435
1439	46.3516
1440	46.3516
1441	46.3567
1442	46.3939
1443	46.3939
1444	46.3989
1445	46.3989
1446	46.4039
1447	46.4039
1448	46.4088
1449	46.4088
1450	46.4088
1451	46.3818
1452	46.4187
1453	46.4187
1454	46.4237
1455	46.4605
1456	46.4605
1457	46.4605
1458	46.4335
1459	46.4335
1460	46.4384
1461	46.4384
1462	46.4432
1463	46.4798
1464	46.4798
1465	46.4798
1466	46.4529
1467	46.4529
1468	46.4529
1469	46.4529
1470	46.3946
1471	46.3946
1472	46.3995
1473	46.3995
1474	46.4043
1475	46.4407
1476	46.477
1477	46.477
1478	46.4817
1479	46.4817
1480	46.4817
1481	46.4551
1482	46.4551
1483	46.4551
1484	46.4551
1485	46.4551
1486	46.3661
1487	46.3661
1488	46.371
1489	46.371
1490	46.371
1491	46.3447
1492	46.3447
1493	46.3496
1494	46.3855
1495	46.3855
1496	46.3855
1497	46.3855
1498	46.3855
1499	46.3855
1500	46.3855
1501	46.3855
1502	46.2051
1503	46.2051
1504	46.2101
1505	46.2458
1506	46.2458
1507	46.2458
1508	46.2202
1509	46.2558
1510	46.2914
1511	46.3269
1512	46.3624
1513	46.3624
1514	46.3624
1515	46.3624
1516	46.3624
1517	46.2755
1518	46.2755
1519	46.2755
1520	46.25
1521	46.2853
1522	46.3206
1523	46.3206
1524	46.3255
1525	46.3607
1526	46.3607
1527	46.3607
1528	46.3607
1529	46.3607
1530	46.3607
1531	46.2443
1532	46.2794
1533	46.3144
1534	46.3144
1535	46.3192
1536	46.3192
1537	46.3192
1538	46.2939
1539	46.2939
1540	46.2987
1541	46.3335
1542	46.3684
1543	46.4031
1544	46.4378
1545	46.4725
1546	46.5071
1547	46.5417
1548	46.5762
1549	46.5762
1550	46.5762
1551	46.5506
1552	46.5506
1553	46.5506
1554	46.5506
1555	46.5506
1556	46.4653
1557	46.4653
1558	46.4653
1559	46.4653
1560	46.4103
1561	46.4103
1562	46.4149
1563	46.4491
1564	46.4491
1565	46.4537
1566	46.4879
1567	46.4879
1568	46.4879
1569	46.4879
1570	46.4331
1571	46.4672
1572	46.5013
1573	46.5013
1574	46.5013
1575	46.5013
1576	46.5013
1577	46.4172
1578	46.4512
1579	46.4512
1580	46.4557
1581	46.4896
1582	46.4896
1583	46.4896
1584	46.4896
1585	46.4896
1586	46.4061
1587	46.4398
1588	46.4398
1589	46.4443
1590	46.4443
1591	46.4443
1592	46.4196
1593	46.4196
1594	46.4196
1595	46.395
1596	46.395
1597	46.395
1598	46.3705
1599	46.404
1600	46.404
1601	46.404
1602	46.3795
1603	46.413
1604	46.413
1605	46.413
1606	46.3885
1607	46.4219
1608	46.4219
1609	46.4264
1610	46.4596
1611	46.4929
1612	46.4929
1613	46.4972
1614	46.5304
1615	46.5635
1616	46.5635
1617	46.5677
1618	46.5677
1619	46.5677
1620	46.5432
1621	46.5432
1622	46.5475
1623	46.5804
1624	46.6133
1625	46.6462
1626	46.6462
1627	46.6462
1628	46.6462
1629	46.593
1630	46.593
1631	46.5972
1632	46.5972
1633	46.5972
1634	46.5972
1635	46.5972
1636	46.5159
1637	46.5159
1638	46.5159
1639	46.4918
1640	46.5244
1641	46.5244
1642	46.5244
1643	46.5003
1644	46.5003
1645	46.5003
1646	46.5003
1647	46.5003
1648	46.4199
1649	46.4524
1650	46.4524
1651	46.4524
1652	46.4286
1653	46.461
1654	46.461
1655	46.4653
1656	46.4653
1657	46.4653
1658	46.4415
1659	46.4738
1660	46.4738
1661	46.478
1662	46.5102
1663	46.5424
1664	46.5424
1665	46.5424
1666	46.5186
1667	46.5186
1668	46.5228
1669	46.5228
1670	46.5269
1671	46.5589
1672	46.5909
1673	46.6228
1674	46.6547
1675	46.6547
1676	46.6587
1677	46.6587
1678	46.6587
1679	46.6587
1680	46.6587
1681	46.6587
1682	46.5517
1683	46.5835
1684	46.5835
1685	46.5835
1686	46.5835
1687	46.5323
1688	46.564
1689	46.564
1690	46.564
1691	46.564
1692	46.513
1693	46.513
1694	46.5171
1695	46.5487
1696	46.5487
1697	46.5527
1698	46.5527
1699	46.5527
1700	46.5527
1701	46.5527
1702	46.5527
1703	46.4474
1704	46.4474
1705	46.4474
1706	46.4244
1707	46.4558
1708	46.4558
1709	46.4599
1710	46.4912
1711	46.4912
1712	46.4912
1713	46.4912
1714	46.4912
1715	46.414
1716	46.4452
1717	46.4452
1718	46.4494
1719	46.4494
1720	46.4535
1721	46.4846
1722	46.5157
1723	46.5467
1724	46.5777
1725	46.5777
1726	46.5777
1727	46.5777
1728	46.5777
1729	46.5777
1730	46.474
1731	46.5049
1732	46.5049
1733	46.5049
1734	46.4821
1735	46.513
1736	46.513
1737	46.517
1738	46.517
1739	46.517
1740	46.517
1741	46.517
1742	46.517
1743	46.517
1744	46.3876
1745	46.4183
1746	46.449
1747	46.449
1748	46.4531
1749	46.4531
1750	46.4531
1751	46.4306
1752	46.4612
1753	46.4612
1754	46.4612
1755	46.4612
1756	46.4123
1757	46.4123
1758	46.4123
1759	46.4123
1760	46.3636
1761	46.3636
1762	46.3678
1763	46.3982
1764	46.4286
1765	46.4286
1766	46.4286
1767	46.4286
1768	46.4286
1769	46.4286
1770	46.4286
1771	46.3015
1772	46.3318
1773	46.3318
1774	46.3318
1775	46.3318
1776	46.3318
1777	46.2577
1778	46.2577
1779	46.2577
1780	46.2577
1781	46.2577
1782	46.2577
1783	46.1582
1784	46.1582
1785	46.1625
1786	46.1625
1787	46.1668
1788	46.1668
1789	46.1668
1790	46.1668
1791	46.1668
1792	46.0938
1793	46.1238
1794	46.1238
1795	46.1281
1796	46.1581
1797	46.1581
1798	46.1581
1799	46.1367
1800	46.1667
1801	46.1667
1802	46.1709
1803	46.2008
1804	46.2008
1805	46.205
1806	46.2348
1807	46.2348
1808	46.2348
1809	46.2348
1810	46.2348
1811	46.1623
1812	46.1921
1813	46.1921
1814	46.1963
1815	46.1963
1816	46.2004
1817	46.23
1818	46.23
1819	46.23
1820	46.23
1821	46.23
1822	46.23
1823	46.1327
1824	46.1623
1825	46.1623
1826	46.1623
1827	46.1412
1828	46.1707
1829	46.2001
1830	46.2001
1831	46.2001
1832	46.179
1833	46.2084
1834	46.2084
1835	46.2084
1836	46.2084
1837	46.2084
1838	46.1371
1839	46.1664
1840	46.1664
1841	46.1706
1842	46.1706
1843	46.1706
1844	46.1497
1845	46.1789
1846	46.1789
1847	46.1789
1848	46.1789
1849	46.1789
1850	46.1081
1851	46.1372
1852	46.1663
1853	46.1954
1854	46.1954
1855	46.1954
1856	46.1746
1857	46.1746
1858	46.1746
1859	46.1538
1860	46.1828
1861	46.1828
1862	46.1869
1863	46.1869
1864	46.1869
1865	46.1662
1866	46.1951
1867	46.1951
1868	46.1951
1869	46.1744
1870	46.1744
1871	46.1785
1872	46.1785
1873	46.1785
1874	46.1785
1875	46.1333
1876	46.1333
1877	46.1375
1878	46.1375
1879	46.1416
1880	46.1416
1881	46.1416
1882	46.1416
1883	46.1416
1884	46.0722
1885	46.1008
1886	46.1008
1887	46.1008
1888	46.1008
1889	46.0561
1890	46.0847
1891	46.0847
1892	46.0888
1893	46.1173
1894	46.1457
1895	46.1741
1896	46.2025
1897	46.2025
1898	46.2025
1899	46.1822
1900	46.1822
1901	46.1862
1902	46.1862
1903	46.1862
1904	46.166
1905	46.1942
1906	46.1942
1907	46.1942
1908	46.1942
1909	46.1942
1910	46.1942
1911	46.1015
1912	46.1297
1913	46.1297
1914	46.1338
1915	46.1338
1916	46.1338
1917	46.1338
1918	46.1338
1919	46.0657
1920	46.0657
1921	46.0657
1922	46.0657
1923	46.0218
1924	46.0218
1925	46.0218
1926	46.0021
1927	46.0021
1928	46.0062
1929	46.0342
1930	46.0622
1931	46.0901
1932	46.118
1933	46.118
1934	46.118
1935	46.118
1936	46.118
1937	46.0506
1938	46.0784
1939	46.1062
1940	46.1062
1941	46.1103
1942	46.138
1943	46.138
1944	46.138
1945	46.1183
1946	46.1183
1947	46.1222
1948	46.1499
1949	46.1499
1950	46.1538
1951	46.1538
1952	46.1578
1953	46.1854
1954	46.1854
1955	46.1854
1956	46.1656
1957	46.1656
1958	46.1656
1959	46.1656
1960	46.1656
1961	46.1656
1962	46.1656
1963	46.1656
1964	46.1656
1965	46.0051
1966	46.0051
1967	46.0051
1968	45.9858
1969	46.0132
1970	46.0132
1971	46.0132
1972	46.0132
1973	46.0132
1974	45.9473
1975	45.9747
1976	46.002
1977	46.002
1978	46.0061
1979	46.0061
1980	46.0061
1981	46.0061
1982	46.0061
1983	46.0061
1984	46.0061
1985	45.8942
1986	45.8942
1987	45.8983
1988	45.8983
1989	45.8983
1990	45.8794
1991	45.9066
1992	45.9066
1993	45.9066
1994	45.9066
1995	45.9066
1996	45.9066
1997	45.9066
1998	45.7958
1999	45.8229
2000	45.85
2001	45.85
2002	45.8541
2003	45.8541
2004	45.8583
2005	45.8853
2006	45.8853
2007	45.8853
2008	45.8853
2009	45.8437
2010	45.8437
2011	45.8478
2012	45.8478
2013	45.852
2014	45.8788
2015	45.9057
2016	45.9057
2017	45.9098
2018	45.9366
2019	45.9633
2020	45.9633
2021	45.9633
2022	45.9633
2023	45.9633
2024	45.8992
2025	45.8992
2026	45.8992
2027	45.8992
2028	45.858
2029	45.858
2030	45.858
2031	45.858
2032	45.858
2033	45.7944
2034	45.7944
2035	45.7944
2036	45.776
2037	45.8027
2038	45.8292
2039	45.8292
2040	45.8333
2041	45.8599
2042	45.8599
2043	45.8599
2044	45.8599
2045	45.8599
2046	45.7967
2047	45.7967
2048	45.7967
2049	45.7784
2050	45.8049
2051	45.8049
2052	45.809
2053	45.8354
2054	45.8617
2055	45.8617
2056	45.8617
2057	45.8617
2058	45.8617
2059	45.8617
2060	45.8617
2061	45.8617
2062	45.8617
2063	45.7101
2064	45.7364
2065	45.7364
2066	45.7364
2067	45.7184
2068	45.7447
2069	45.7447
2070	45.7447
2071	45.7267
2072	45.7267
2073	45.7267
2074	45.7267
2075	45.7267
2076	45.7267
2077	45.7267
2078	45.6208
2079	45.6469
2080	45.6731
2081	45.6731
2082	45.6731
2083	45.6553
2084	45.6553
2085	45.6595
2086	45.6595
2087	45.6595
2088	45.6595
2089	45.6199
2090	45.6199
2091	45.6241
2092	45.6241
2093	45.6283
2094	45.6543
2095	45.6802
2096	45.6802
2097	45.6843
2098	45.6843
2099	45.6843
2100	45.6843
2101	45.6843
2102	45.6843
2103	45.6843
2104	45.6843
2105	45.6843
2106	45.5366
2107	45.5366
2108	45.5408
2109	45.5408
2110	45.5408
2111	45.5408
2112	45.5019
2113	45.5019
2114	45.5061
2115	45.5319
2116	45.5577
2117	45.5577
2118	45.5577
2119	45.5577
2120	45.5189
2121	45.5446
2122	45.5446
2123	45.5488
2124	45.5744
2125	45.6
2126	45.6
2127	45.6041
2128	45.6041
2129	45.6041
2130	45.6041
2131	45.6041
2132	45.6041
2133	45.5227
2134	45.5483
2135	45.5483
2136	45.5524
2137	45.5779
2138	45.5779
2139	45.5779
2140	45.5779
2141	45.5779
2142	45.5182
2143	45.5182
2144	45.5224
2145	45.5478
2146	45.5732
2147	45.5732
2148	45.5732
2149	45.5561
2150	45.5561
2151	45.5602
2152	45.5855
2153	45.6108
2154	45.6108
2155	45.6108
2156	45.6108
2157	45.6108
2158	45.5514
2159	45.5514
2160	45.5514
2161	45.5345
2162	45.5345
2163	45.5386
2164	45.5386
2165	45.5386
2166	45.5386
2167	45.5007
2168	45.5007
2169	45.5048
2170	45.5048
2171	45.5048
2172	45.5048
2173	45.4671
2174	45.4922
2175	45.5172
2176	45.5423
2177	45.5423
2178	45.5423
2179	45.5423
2180	45.5046
2181	45.5296
2182	45.5296
2183	45.5296
2184	45.5128
2185	45.5378
2186	45.5627
2187	45.5627
2188	45.5667
2189	45.5916
2190	45.6164
2191	45.6164
2192	45.6204
2193	45.6452
2194	45.6452
2195	45.6492
2196	45.674
2197	45.674
2198	45.6779
2199	45.7026
2200	45.7026
2201	45.7065
2202	45.7065
2203	45.7065
2204	45.6897
2205	45.7143
2206	45.7143
2207	45.7143
2208	45.6975
2209	45.722
2210	45.722
2211	45.7259
2212	45.7259
2213	45.7298
2214	45.7543
2215	45.7543
2216	45.7581
2217	45.7826
2218	45.7826
2219	45.7826
2220	45.7826
2221	45.7452
2222	45.7696
2223	45.7696
2224	45.7696
2225	45.7528
2226	45.7528
2227	45.7566
2228	45.781
2229	45.8053
2230	45.8296
2231	45.8539
2232	45.8781
2233	45.8781
2234	45.8781
2235	45.8781
2236	45.8781
2237	45.8203
2238	45.8203
2239	45.824
2240	45.824
2241	45.824
2242	45.824
2243	45.7869
2244	45.7869
2245	45.7869
2246	45.7869
2247	45.7869
2248	45.7869
2249	45.7092
2250	45.7092
2251	45.713
2252	45.713
2253	45.713
2254	45.713
2255	45.6763
2256	45.7004
2257	45.7004
2258	45.7042
2259	45.7282
2260	45.7522
2261	45.7522
2262	45.7522
2263	45.7522
2264	45.7155
2265	45.7155
2266	45.7155
2267	45.6992
2268	45.7231
2269	45.747
2270	45.747
2271	45.7508
2272	45.7508
2273	45.7508
2274	45.7508
2275	45.7508
2276	45.6942
2277	45.6942
2278	45.6942
2279	45.6779
2280	45.7018
2281	45.7018
2282	45.7018
2283	45.7018
2284	45.6655
2285	45.6893
2286	45.713
2287	45.713
2288	45.7168
2289	45.7168
2290	45.7168
2291	45.7168
2292	45.6806
2293	45.7043
2294	45.7043
2295	45.7043
2296	45.7043
2297	45.7043
2298	45.7043
2299	45.7043
2300	45.7043
2301	45.7043
2302	45.5691
2303	45.5927
2304	45.6163
2305	45.6163
2306	45.6163
2307	45.6163
2308	45.5806
2309	45.6042
2310	45.6042
2311	45.6042
2312	45.6042
2313	45.6042
2314	45.5488
2315	45.5488
2316	45.5488
2317	45.5488
2318	45.5134
2319	45.5134
2320	45.5172
2321	45.5407
2322	45.5642
2323	45.5642
2324	45.5642
2325	45.5642
2326	45.5642
2327	45.5642
2328	45.5642
2329	45.4702
2330	45.4702
2331	45.4702
2332	45.4702
2333	45.4702
2334	45.4702
2335	45.3961
2336	45.3961
2337	45.3961
2338	45.3961
2339	45.3961
2340	45.3961
2341	45.3225
2342	45.3225
2343	45.3225
2344	45.3072
2345	45.3072
2346	45.3072
2347	45.3072
2348	45.3072
2349	45.3072
2350	45.3072
2351	45.3072
2352	45.3072
2353	45.3072
2354	45.1572
2355	45.1805
2356	45.2037
2357	45.227
2358	45.2502
2359	45.2734
2360	45.2734
2361	45.2774
2362	45.3006
2363	45.3006
2364	45.3006
2365	45.2854
2366	45.3085
2367	45.3316
2368	45.3316
2369	45.3356
2370	45.3356
2371	45.3395
2372	45.3626
2373	45.3856
2374	45.3856
2375	45.3856
2376	45.3704
2377	45.3934
2378	45.4163
2379	45.4163
2380	45.4202
2381	45.4431
2382	45.466
2383	45.466
2384	45.466
2385	45.466
2386	45.4317
2387	45.4545
2388	45.4774
2389	45.4774
2390	45.4774
2391	45.4774
2392	45.4774
2393	45.4242
2394	45.4242
2395	45.428
2396	45.4508
2397	45.4508
2398	45.4508
2399	45.4508
2400	45.4508
2401	45.4508
2402	45.3789
2403	45.3789
2404	45.3789
2405	45.3638
2406	45.3638
2407	45.3638
2408	45.3488
2409	45.3488
2410	45.3488
2411	45.3339
2412	45.3566
2413	45.3566
2414	45.3604
2415	45.383
2416	45.383
2417	45.383
2418	45.383
2419	45.383
2420	45.3306
2421	45.3532
2422	45.3532
2423	45.3532
2424	45.3532
2425	45.3196
2426	45.3421
2427	45.3646
2428	45.3646
2429	45.3646
2430	45.3498
2431	45.3723
2432	45.3723
2433	45.3761
2434	45.3985
2435	45.4209
2436	45.4209
2437	45.4209
2438	45.4061
2439	45.4061
2440	45.4098
2441	45.4098
2442	45.4098
2443	45.4098
2444	45.4098
2445	45.4098
2446	45.3393
2447	45.3393
2448	45.3393
2449	45.3393
2450	45.3393
2451	45.2876
2452	45.31
2453	45.31
2454	45.3138
2455	45.3138
2456	45.3176
2457	45.3398
2458	45.3398
2459	45.3436
2460	45.3659
2461	45.3881
2462	45.4102
2463	45.4102
2464	45.4102
2465	45.3955
2466	45.4177
2467	45.4177
2468	45.4214
2469	45.4435
2470	45.4435
2471	45.4472
2472	45.4472
2473	45.4509
2474	45.4509
2475	45.4545
2476	45.4545
2477	45.4582
2478	45.4582
2479	45.4619
2480	45.4839
2481	45.4839
2482	45.4839
2483	45.4839
2484	45.4509
2485	45.4509
2486	45.4545
2487	45.4765
2488	45.4984
2489	45.5203
2490	45.5203
2491	45.5203
2492	45.5203
2493	45.5203
2494	45.5203
2495	45.5203
2496	45.4327
2497	45.4327
2498	45.4327
2499	45.4327
2500	45.4
2501	45.4
2502	45.4
2503	45.4
2504	45.4
2505	45.4
2506	45.4
2507	45.4
2508	45.2951
2509	45.2951
2510	45.2988
2511	45.2988
2512	45.2988
2513	45.2988
2514	45.2988
2515	45.2485
2516	45.2703
2517	45.2703
2518	45.274
2519	45.2958
2520	45.2958
2521	45.2958
2522	45.2815
2523	45.2815
2524	45.2853
2525	45.2853
2526	45.289
2527	45.289
2528	45.289
2529	45.2748
2530	45.2748
2531	45.2785
2532	45.2785
2533	45.2785
2534	45.2785
2535	45.2465
2536	45.2465
2537	45.2503
2538	45.2719
2539	45.2719
2540	45.2756
2541	45.2971
2542	45.2971
2543	45.2971
2544	45.283
2545	45.283
2546	45.283
2547	45.2689
2548	45.2904
2549	45.3119
2550	45.3119
2551	45.3119
2552	45.2978
2553	45.3192
2554	45.3406
2555	45.3406
2556	45.3443
2557	45.3443
2558	45.3443
2559	45.3302
2560	45.3516
2561	45.3729
2562	45.3729
2563	45.3765
2564	45.3978
2565	45.4191
2566	45.4404
2567	45.4404
2568	45.4439
2569	45.4439
2570	45.4475
2571	45.4687
2572	45.4899
2573	45.4899
2574	45.4899
2575	45.4899
2576	45.4581
2577	45.4581
2578	45.4581
2579	45.444
2580	45.444
2581	45.444
2582	45.444
2583	45.444
2584	45.444
2585	45.3772
2586	45.3983
2587	45.3983
2588	45.3983
2589	45.3983
2590	45.3668
2591	45.3668
2592	45.3668
2593	45.3668
2594	45.3354
2595	45.3565
2596	45.3565
2597	45.36
2598	45.3811
2599	45.4021
2600	45.4231
2601	45.4231
2602	45.4231
2603	45.4091
2604	45.4091
2605	45.4091
2606	45.3952
2607	45.4162
2608	45.4162
2609	45.4197
2610	45.4406
2611	45.4406
2612	45.4406
2613	45.4406
2614	45.4406
2615	45.4406
2616	45.4406
2617	45.4406
2618	45.4406
2619	45.3226
2620	45.3435
2621	45.3644
2622	45.3644
2623	45.3679
2624	45.3679
2625	45.3679
2626	45.3542
2627	45.375
2628	45.375
2629	45.3785
2630	45.3785
2631	45.382
2632	45.382
2633	45.3855
2634	45.3855
2635	45.389
2636	45.389
2637	45.3925
2638	45.3925
2639	45.3925
2640	45.3925
2641	45.3925
2642	45.3444
2643	45.3444
2644	45.348
2645	45.3686
2646	45.3686
2647	45.3721
2648	45.3927
2649	45.3927
2650	45.3927
2651	45.3791
2652	45.3997
2653	45.4203
2654	45.4408
2655	45.4614
2656	45.4614
2657	45.4614
2658	45.4477
2659	45.4682
2660	45.4887
2661	45.5092
2662	45.5297
2663	45.5501
2664	45.5706
2665	45.591
2666	45.591
2667	45.591
2668	45.591
2669	45.591
2670	45.591
2671	45.526
2672	45.5464
2673	45.5464
2674	45.5464
2675	45.5464
2676	45.5464
2677	45.5464
2678	45.4817
2679	45.4817
2680	45.4817
2681	45.4681
2682	45.4884
2683	45.4884
2684	45.4884
2685	45.4884
2686	45.4579
2687	45.4579
2688	45.4579
2689	45.4444
2690	45.4647
2691	45.4647
2692	45.4647
2693	45.4647
2694	45.4343
2695	45.4545
2696	45.4545
2697	45.4579
2698	45.4579
2699	45.4579
2700	45.4579
2701	45.4276
2702	45.4276
2703	45.4276
2704	45.4276
2705	45.4276
2706	45.3806
2707	45.4008
2708	45.421
2709	45.4411
2710	45.4411
2711	45.4411
2712	45.4277
2713	45.4277
2714	45.4277
2715	45.4277
2716	45.4277
2717	45.4277
2718	45.3642
2719	45.3843
2720	45.4044
2721	45.4245
2722	45.4445
2723	45.4646
2724	45.4846
2725	45.4846
2726	45.4846
2727	45.4846
2728	45.4545
2729	45.4745
2730	45.4745
2731	45.4745
2732	45.4745
2733	45.4446
2734	45.4645
2735	45.4845
2736	45.4845
2737	45.4878
2738	45.4878
2739	45.4878
2740	45.4878
2741	45.4579
2742	45.4579
2743	45.4612
2744	45.481
2745	45.481
2746	45.481
2747	45.481
2748	45.481
2749	45.481
2750	45.481
2751	45.481
2752	45.481
2753	45.3687
2754	45.3687
2755	45.3721
2756	45.3721
2757	45.3721
2758	45.3721
2759	45.3425
2760	45.3623
2761	45.3821
2762	45.4019
2763	45.4019
2764	45.4052
2765	45.4052
2766	45.4052
2767	45.3921
2768	45.4118
2769	45.4118
2770	45.4118
2771	45.4118
2772	45.4118
2773	45.4118
2774	45.3497
2775	45.3497
2776	45.353
2777	45.353
2778	45.3564
2779	45.3564
2780	45.3597
2781	45.3597
2782	45.3597
2783	45.3597
2784	45.3597
2785	45.3597
2786	45.2979
2787	45.2979
2788	45.3013
2789	45.3209
2790	45.3209
2791	45.3209
2792	45.3209
2793	45.2918
2794	45.2918
2795	45.2918
2796	45.2918
2797	45.2918
2798	45.2918
2799	45.2918
2800	45.2143
2801	45.2338
2802	45.2338
2803	45.2338
2804	45.2211
2805	45.2211
2806	45.2245
2807	45.244
2808	45.244
2809	45.2474
2810	45.2474
2811	45.2474
2812	45.2474
2813	45.2186
2814	45.2186
2815	45.222
2816	45.222
2817	45.222
2818	45.222
2819	45.1933
2820	45.1933
2821	45.1967
2822	45.1967
2823	45.1967
2824	45.1967
2825	45.1967
2826	45.1967
2827	45.1967
2828	45.1967
2829	45.1043
2830	45.1043
2831	45.1077
2832	45.1077
2833	45.1112
2834	45.1306
2835	45.1306
2836	45.134
2837	45.1533
2838	45.1727
2839	45.1727
2840	45.1761
2841	45.1761
2842	45.1761
2843	45.1761
2844	45.1761
2845	45.1318
2846	45.1318
2847	45.1352
2848	45.1352
2849	45.1386
2850	45.1579
2851	45.1579
2852	45.1613
2853	45.1613
2854	45.1613
2855	45.1613
2856	45.1613
2857	45.1613
2858	45.1613
2859	45.0857
2860	45.0857
2861	45.0857
2862	45.0857
2863	45.0576
2864	45.0768
2865	45.0768
2866	45.0802
2867	45.0994
2868	45.0994
2869	45.0994
2870	45.0994
2871	45.0994
2872	45.0557
2873	45.0748
2874	45.0748
2875	45.0783
2876	45.0974
2877	45.1164
2878	45.1355
2879	45.1546
2880	45.1546
2881	45.1546
2882	45.1546
2883	45.1546
2884	45.111
2885	45.13
2886	45.13
2887	45.13
2888	45.1177
2889	45.1177
2890	45.1211
2891	45.1401
2892	45.1401
2893	45.1434
2894	45.1434
2895	45.1434
2896	45.1312
2897	45.1502
2898	45.1502
2899	45.1535
2900	45.1724
2901	45.1724
2902	45.1757
2903	45.1946
2904	45.2135
2905	45.2324
2906	45.2512
2907	45.27
2908	45.27
2909	45.27
2910	45.2577
2911	45.2577
2912	45.261
2913	45.261
2914	45.261
2915	45.261
2916	45.261
2917	45.2177
2918	45.2365
2919	45.2365
2920	45.2365
2921	45.2365
2922	45.2365
2923	45.2365
2924	45.2365
2925	45.2365
2926	45.147
2927	45.1657
2928	45.1657
2929	45.1657
2930	45.1536
2931	45.1536
2932	45.1569
2933	45.1756
2934	45.1943
2935	45.2129
2936	45.2316
2937	45.2316
2938	45.2349
2939	45.2535
2940	45.2721
2941	45.2907
2942	45.3093
2943	45.3093
2944	45.3125
2945	45.3311
2946	45.3311
2947	45.3342
2948	45.3528
2949	45.3528
2950	45.3559
2951	45.3745
2952	45.393
2953	45.4114
2954	45.4114
2955	45.4146
2956	45.433
2957	45.4515
2958	45.4699
2959	45.4699
2960	45.4699
2961	45.4576
2962	45.476
2963	45.4944
2964	45.4944
2965	45.4975
2966	45.5158
2967	45.5158
2968	45.5158
2969	45.5035
2970	45.5035
2971	45.5035
2972	45.5035
2973	45.5035
2974	45.4607
2975	45.479
2976	45.4973
2977	45.4973
2978	45.4973
2979	45.4851
2980	45.5034
2981	45.5216
2982	45.5216
2983	45.5216
2984	45.5216
2985	45.5216
2986	45.4789
2987	45.4972
2988	45.5154
2989	45.5336
2990	45.5518
2991	45.5518
2992	45.5548
2993	45.573
2994	45.573
2995	45.576
2996	45.576
2997	45.576
2998	45.576
2999	45.5485
3000	45.5667
3001	45.5667
3002	45.5667
3003	45.5667
3004	45.5393
3005	45.5393
3006	45.5393
3007	45.5271
3008	45.5452
3009	45.5452
3010	45.5482
3011	45.5663
3012	45.5663
3013	45.5692
3014	45.5692
3015	45.5692
3016	45.557
3017	45.557
3018	45.557
3019	45.557
3020	45.557
3021	45.557
3022	45.557
3023	45.557
3024	45.557
3025	45.557
3026	45.557
3027	45.557
3028	45.557
3029	45.557
3030	45.3795
3031	45.3976
3032	45.4156
3033	45.4336
3034	45.4515
3035	45.4515
3036	45.4545
3037	45.4545
3038	45.4575
3039	45.4755
3040	45.4934
3041	45.5113
3042	45.5113
3043	45.5113
3044	45.4993
3045	45.4993
3046	45.5023
3047	45.5202
3048	45.5202
3049	45.5202
3050	45.5082
3051	45.5261
3052	45.5439
3053	45.5439
3054	45.5439
3055	45.5319
3056	45.5497
3057	45.5676
3058	45.5854
3059	45.6031
3060	45.6209
3061	45.6209
3062	45.6209
3063	45.6089
3064	45.6266
3065	45.6266
3066	45.6266
3067	45.6266
3068	45.6266
3069	45.5849
3070	45.5849
3071	45.5878
3072	45.6055
3073	45.6055
3074	45.6055
3075	45.6055
3076	45.5787
3077	45.5964
3078	45.5964
3079	45.5992
3080	45.5992
3081	45.5992
3082	45.5992
3083	45.5992
3084	45.5992
3085	45.5992
3086	45.5282
3087	45.5282
3088	45.5282
3089	45.5163
3090	45.5163
3091	45.5163
3092	45.5163
3093	45.4898
3094	45.4898
3095	45.4927
3096	45.4927
3097	45.4956
3098	45.4956
3099	45.4956
3100	45.4956
3101	45.4956
3102	45.4956
3103	45.4956
3104	45.4956
3105	45.4956
3106	45.396
3107	45.396
3108	45.399
3109	45.4165
3110	45.4341
3111	45.4516
3112	45.4516
3113	45.4516
3114	45.4516
3115	45.4516
3116	45.4108
3117	45.4108
3118	45.4137
3119	45.4312
3120	45.4312
3121	45.4342
3122	45.4342
3123	45.4342
3124	45.4225
3125	45.4225
3126	45.4225
3127	45.4109
3128	45.4284
3129	45.4284
3130	45.4313
3131	45.4313
3132	45.4313
3133	45.4197
3134	45.4197
3135	45.4197
3136	45.4197
3137	45.4197
3138	45.3792
3139	45.3792
3140	45.3822
3141	45.3822
3142	45.3822
3143	45.3822
3144	45.3822
3145	45.3822
3146	45.3274
3147	45.3448
3148	45.3621
3149	45.3621
3150	45.3651
3151	45.3651
3152	45.368
3153	45.3853
3154	45.3853
3155	45.3853
3156	45.3739
3157	45.3912
3158	45.3912
3159	45.3941
3160	45.4114
3161	45.4114
3162	45.4114
3163	45.4114
3164	45.4114
3165	45.3712
3166	45.3885
3167	45.3885
3168	45.3885
3169	45.3885
3170	45.3885
3171	45.3885
3172	45.3885
3173	45.3199
3174	45.3371
3175	45.3371
3176	45.3371
3177	45.3371
3178	45.3115
3179	45.3115
3180	45.3145
3181	45.3145
3182	45.3174
3183	45.3346
3184	45.3346
3185	45.3346
3186	45.3346
3187	45.3091
3188	45.3262
3189	45.3262
3190	45.3292
3191	45.3463
3192	45.3463
3193	45.3463
3194	45.3463
3195	45.3208
3196	45.3379
3197	45.355
3198	45.3721
3199	45.3721
3200	45.375
3201	45.375
3202	45.375
3203	45.375
3204	45.375
3205	45.3354
3206	45.3354
3207	45.3383
3208	45.3554
3209	45.3554
3210	45.3583
3211	45.3753
3212	45.3753
3213	45.3782
3214	45.3782
3215	45.3782
3216	45.3669
3217	45.3669
3218	45.3669
3219	45.3557
3220	45.3557
3221	45.3586
3222	45.3586
3223	45.3615
3224	45.3784
3225	45.3784
3226	45.3784
3227	45.3784
3228	45.3784
3229	45.3784
3230	45.3784
3231	45.3111
3232	45.3111
3233	45.3111
3234	45.3111
3235	45.2859
3236	45.2859
3237	45.2888
3238	45.2888
3239	45.2918
3240	45.3086
3241	45.3255
3242	45.3424
3243	45.3592
3244	45.3761
3245	45.3761
3246	45.3761
3247	45.3761
3248	45.351
3249	45.351
3250	45.351
3251	45.351
3252	45.326
3253	45.326
3254	45.326
3255	45.3149
3256	45.3317
3257	45.3317
3258	45.3346
3259	45.3346
3260	45.3374
3261	45.3542
3262	45.3542
3263	45.3542
3264	45.3431
3265	45.3599
3266	45.3766
3267	45.3766
3268	45.3794
3269	45.3794
3270	45.3794
3271	45.3794
3272	45.3545
3273	45.3545
3274	45.3545
3275	45.3545
3276	45.3545
3277	45.3158
3278	45.3158
3279	45.3187
3280	45.3187
3281	45.3187
3282	45.3077
3283	45.3244
3284	45.341
3285	45.3577
3286	45.3577
3287	45.3577
3288	45.3467
3289	45.3467
3290	45.3467
3291	45.3358
3292	45.3524
3293	45.3524
3294	45.3524
3295	45.3524
3296	45.3524
3297	45.3139
3298	45.3305
3299	45.3471
3300	45.3636
3301	45.3802
3302	45.3802
3303	45.3802
3304	45.3693
3305	45.3693
3306	45.3721
3307	45.3886
3308	45.4051
3309	45.4051
3310	45.4079
3311	45.4079
3312	45.4079
3313	45.4079
3314	45.4079
3315	45.3695
3316	45.3695
3317	45.3723
3318	45.3723
3319	45.3723
3320	45.3723
3321	45.3478
3322	45.3478
3323	45.3506
3324	45.3506
3325	45.3506
3326	45.3397
3327	45.3562
3328	45.3562
3329	45.3562
3330	45.3562
3331	45.3562
3332	45.3181
3333	45.3345
3334	45.3509
3335	45.3509
3336	45.3509
3337	45.3509
3338	45.3509
3339	45.313
3340	45.3293
3341	45.3293
3342	45.3321
3343	45.3485
3344	45.3485
3345	45.3485
3346	45.3485
3347	45.3242
3348	45.3242
3349	45.327
3350	45.327
3351	45.327
3352	45.327
3353	45.327
3354	45.327
3355	45.2757
3356	45.292
3357	45.3083
3358	45.3083
3359	45.3083
3360	45.3083
3361	45.3083
3362	45.3083
3363	45.2572
3364	45.2735
3365	45.2735
3366	45.2735
3367	45.2735
3368	45.2735
3369	45.236
3370	45.236
3371	45.236
3372	45.2254
3373	45.2416
3374	45.2579
3375	45.2741
3376	45.2741
3377	45.2769
3378	45.2931
3379	45.3093
3380	45.3093
3381	45.3093
3382	45.3093
3383	45.3093
3384	45.3093
3385	45.3093
3386	45.3093
3387	45.3093
3388	45.3093
3389	45.3093
3390	45.1917
3391	45.2079
3392	45.2241
3393	45.2241
3394	45.2269
3395	45.2269
3396	45.2269
3397	45.2269
3398	45.2031
3399	45.2192
3400	45.2192
3401	45.2192
3402	45.2087
3403	45.2248
3404	45.2409
3405	45.2409
3406	45.2409
3407	45.2409
3408	45.2171
3409	45.2171
3410	45.2199
3411	45.2199
3412	45.2227
3413	45.2227
3414	45.2227
3415	45.2123
3416	45.2123
3417	45.2123
3418	45.2019
3419	45.2179
3420	45.2339
3421	45.2499
3422	45.2499
3423	45.2527
3424	45.2687
3425	45.2687
3426	45.2715
3427	45.2715
3428	45.2715
3429	45.2715
3430	45.2715
3431	45.2715
3432	45.2214
3433	45.2214
3434	45.2242
3435	45.2242
3436	45.227
3437	45.227
3438	45.2298
3439	45.2457
3440	45.2457
3441	45.2457
3442	45.2457
3443	45.2457
3444	45.2091
3445	45.225
3446	45.225
3447	45.225
3448	45.2146
3449	45.2146
3450	45.2146
3451	45.2043
3452	45.2202
3453	45.2202
3454	45.2229
3455	45.2229
3456	45.2229
3457	45.2126
3458	45.2285
3459	45.2285
3460	45.2285
3461	45.2285
3462	45.2285
3463	45.2285
3464	45.2285
3465	45.2285
3466	45.2285
3467	45.2285
3468	45.1269
3469	45.1269
3470	45.1269
3471	45.1269
3472	45.1037
3473	45.1037
3474	45.1037
3475	45.1037
3476	45.0806
3477	45.0806
3478	45.0834
3479	45.0992
3480	45.1149
3481	45.1149
3482	45.1149
3483	45.1149
3484	45.1149
3485	45.1149
3486	45.066
3487	45.0817
3488	45.0817
3489	45.0846
3490	45.1003
3491	45.1003
3492	45.1003
3493	45.1003
3494	45.1003
3495	45.1003
3496	45.1003
3497	45.1003
3498	45.1003
3499	45.0129
3500	45.0129
3501	45.0157
3502	45.0314
3503	45.0471
3504	45.0471
3505	45.0471
3506	45.0471
3507	45.0242
3508	45.0242
3509	45.0242
3510	45.0142
3511	45.0299
3512	45.0299
3513	45.0327
3514	45.0327
3515	45.0327
3516	45.0228
3517	45.0228
3518	45.0256
3519	45.0412
3520	45.0412
3521	45.0412
3522	45.0312
3523	45.0468
3524	45.0468
3525	45.0468
3526	45.0369
3527	45.0525
3528	45.068
3529	45.068
3530	45.068
3531	45.068
3532	45.068
3533	45.0326
3534	45.0326
3535	45.0326
3536	45.0326
3537	45.0326
3538	44.9972
3539	44.9972
3540	45
3541	45
3542	45
3543	44.9901
3544	45.0056
3545	45.0212
3546	45.0212
3547	45.0212
3548	45.0113
3549	45.0268
3550	45.0423
3551	45.0423
3552	45.045
3553	45.045
3554	45.045
3555	45.0352
3556	45.0506
3557	45.0506
3558	45.0534
3559	45.0688
3560	45.0688
3561	45.0688
3562	45.0688
3563	45.0688
3564	45.0337
3565	45.0491
3566	45.0491
3567	45.0519
3568	45.0673
3569	45.0673
3570	45.0673
3571	45.0673
3572	45.0673
3573	45.0322
3574	45.0322
3575	45.0322
3576	45.0224
3577	45.0224
3578	45.0224
3579	45.0224
3580	45.0224
3581	44.9874
3582	45.0028
3583	45.0028
3584	45.0056
3585	45.0209
3586	45.0209
3587	45.0209
3588	45.0209
3589	45.0209
3590	45.0209
3591	44.9735
3592	44.9889
3593	44.9889
3594	44.9917
3595	44.9917
3596	44.9917
3597	44.9917
3598	44.9917
3599	44.9569
3600	44.9569
3601	44.9597
3602	44.975
3603	44.9903
3604	44.9903
3605	44.9931
3606	44.9931
3607	44.9958
3608	44.9958
3609	44.9958
3610	44.9861
3611	45.0014
3612	45.0166
3613	45.0166
3614	45.0194
3615	45.0346
3616	45.0346
3617	45.0346
3618	45.0346
3619	45.0346
3620	45
3621	45
3622	45
3623	44.9903
3624	44.9903
3625	44.9931
3626	44.9931
3627	44.9931
3628	44.9835
3629	44.9986
3630	45.0138
3631	45.0289
3632	45.0289
3633	45.0317
3634	45.0317
3635	45.0317
3636	45.0317
3637	45.0317
3638	44.9972
3639	44.9972
3640	45
3641	45
3642	45.0027
3643	45.0178
3644	45.0329
3645	45.048
3646	45.048
3647	45.048
3648	45.0384
3649	45.0384
3650	45.0411
3651	45.0561
3652	45.0712
3653	45.0712
3654	45.0712
3655	45.0712
3656	45.0492
3657	45.0492
3658	45.0492
3659	45.0396
3660	45.0396
3661	45.0396
3662	45.03
3663	45.03
3664	45.03
3665	45.0205
3666	45.0355
3667	45.0355
3668	45.0355
3669	45.0259
3670	45.0259
3671	45.0286
3672	45.0286
3673	45.0313
3674	45.0463
3675	45.0463
3676	45.0463
3677	45.0367
3678	45.0367
3679	45.0367
3680	45.0272
3681	45.0421
3682	45.0421
3683	45.0448
3684	45.0448
3685	45.0448
3686	45.0448
3687	45.0448
3688	45.0108
3689	45.0108
3690	45.0108
3691	45.0014
3692	45.0014
3693	45.0014
3694	44.9919
3695	45.0068
3696	45.0068
3697	45.0095
3698	45.0243
3699	45.0392
3700	45.0392
3701	45.0392
3702	45.0392
3703	45.0176
3704	45.0324
3705	45.0324
3706	45.0324
3707	45.0229
3708	45.0229
3709	45.0229
3710	45.0135
3711	45.0135
3712	45.0135
3713	45.0135
3714	45.0135
3715	45.0135
3716	45.0135
3717	44.9556
3718	44.9556
3719	44.9556
3720	44.9462
3721	44.9462
3722	44.9462
3723	44.9462
3724	44.9248
3725	44.9396
3726	44.9396
3727	44.9396
3728	44.9396
3729	44.9182
3730	44.9182
3731	44.9209
3732	44.9209
3733	44.9209
3734	44.9116
3735	44.9264
3736	44.9264
3737	44.9264
3738	44.9264
3739	44.9051
3740	44.9051
3741	44.9051
3742	44.8958
3743	44.8958
3744	44.8985
3745	44.8985
3746	44.9012
3747	44.9012
3748	44.9012
3749	44.892
3750	44.9067
3751	44.9214
3752	44.936
3753	44.9507
3754	44.9654
3755	44.9654
3756	44.9654
3757	44.9654
3758	44.9654
3759	44.9322
3760	44.9322
3761	44.9349
3762	44.9495
3763	44.9495
3764	44.9495
3765	44.9402
3766	44.9402
3767	44.9402
3768	44.9402
3769	44.9191
3770	44.9191
3771	44.9218
3772	44.9218
3773	44.9218
3774	44.9126
3775	44.9272
3776	44.9272
3777	44.9298
3778	44.9444
3779	44.9444
3780	44.9471
3781	44.9471
3782	44.9471
3783	44.9471
3784	44.9471
3785	44.9471
3786	44.9023
3787	44.9168
3788	44.9168
3789	44.9195
3790	44.934
3791	44.9486
3792	44.9631
3793	44.9631
3794	44.9657
3795	44.9802
3796	44.9947
3797	44.9947
3798	44.9974
3799	44.9974
3800	44.9974
3801	44.9974
3802	44.9974
3803	44.9645
3804	44.9645
3805	44.9645
3806	44.9645
3807	44.9435
3808	44.958
3809	44.9724
3810	44.9724
3811	44.9724
3812	44.9633
3813	44.9633
3814	44.9633
3815	44.9541
3816	44.9686
3817	44.983
3818	44.9974
3819	45.0118
3820	45.0262
3821	45.0406
3822	45.0549
3823	45.0693
3824	45.0693
3825	45.0719
3826	45.0719
3827	45.0719
3828	45.0719
3829	45.0719
3830	45.0719
3831	45.0719
3832	45.0157
3833	45.0157
3834	45.0157
3835	45.0157
3836	44.9948
3837	44.9948
3838	44.9948
3839	44.9857
3840	45
3841	45
3842	45
3843	44.9909
3844	44.9909
3845	44.9909
3846	44.9909
3847	44.9909
3848	44.9584
3849	44.9727
3850	44.987
3851	44.987
3852	44.987
3853	44.9779
3854	44.9779
3855	44.9805
3856	44.9948
3857	44.9948
3858	44.9974
3859	44.9974
3860	44.9974
3861	44.9974
3862	44.9974
3863	44.9651
3864	44.9793
3865	44.9793
3866	44.9793
3867	44.9703
3868	44.9703
3869	44.9703
3870	44.9612
3871	44.9755
3872	44.9897
3873	45.0039
3874	45.0039
3875	45.0039
3876	44.9948
3877	44.9948
3878	44.9948
3879	44.9948
3880	44.9948
3881	44.9948
3882	44.9511
3883	44.9652
3884	44.9794
3885	44.9936
3886	44.9936
3887	44.9961
3888	45.0103
3889	45.0103
3890	45.0103
3891	45.0013
3892	45.0013
3893	45.0013
3894	45.0013
3895	45.0013
3896	45.0013
3897	44.9577
3898	44.9577
3899	44.9602
3900	44.9744
3901	44.9744
3902	44.9769
3903	44.9769
3904	44.9795
3905	44.9795
3906	44.9795
3907	44.9795
3908	44.9591
3909	44.9731
3910	44.9731
3911	44.9757
3912	44.9757
3913	44.9783
3914	44.9923
3915	45.0064
3916	45.0064
3917	45.0064
3918	44.9974
3919	44.9974
3920	45
3921	45
3922	45
3923	44.9911
3924	44.9911
3925	44.9911
3926	44.9822
3927	44.9962
3928	44.9962
3929	44.9987
3930	44.9987
3931	45.0013
3932	45.0153
3933	45.0153
3934	45.0153
3935	45.0153
3936	45.0153
3937	44.9835
3938	44.9835
3939	44.986
3940	44.986
3941	44.9886
3942	45.0025
3943	45.0025
3944	45.0025
3945	45.0025
3946	45.0025
3947	45.0025
3948	45.0025
3949	45.0025
3950	45.0025
3951	45.0025
3952	45.0025
3953	45.0025
3954	44.8913
3955	44.8913
3956	44.8938
3957	44.8938
3958	44.8964
3959	44.9103
3960	44.9242
3961	44.9242
3962	44.9242
3963	44.9242
3964	44.9242
3965	44.9242
3966	44.8815
3967	44.8954
3968	44.9093
3969	44.9093
3970	44.9093
3971	44.9093
3972	44.8892
3973	44.8892
3974	44.8918
3975	44.9057
3976	44.9195
3977	44.9334
3978	44.9334
3979	44.9359
3980	44.9497
3981	44.9497
3982	44.9523
3983	44.9523
3984	44.9548
3985	44.9686
3986	44.9824
3987	44.9962
3988	44.9962
3989	44.9962
3990	44.9962
3991	44.9762
3992	44.9762
3993	44.9762
3994	44.9762
3995	44.9562
3996	44.9562
3997	44.9562
3998	44.9475
3999	44.9475
4000	44.95
4001	44.95
4002	44.95
4003	44.9413
4004	44.955
4005	44.955
4006	44.9576
4007	44.9576
4008	44.9576
4009	44.9576
4010	44.9576
4011	44.9576
4012	44.9576
4013	44.9041
4014	44.9041
4015	44.9041
4016	44.9041
4017	44.8842
4018	44.8842
4019	44.8868
4020	44.8868
4021	44.8893
4022	44.8893
4023	44.8919
4024	44.8919
4025	44.8944
4026	44.9081
4027	44.9081
4028	44.9081
4029	44.9081
4030	44.9081
4031	44.9081
4032	44.9081
4033	44.8549
4034	44.8686
4035	44.8823
4036	44.8959
4037	44.9096
4038	44.9096
4039	44.9096
4040	44.901
4041	44.9146
4042	44.9283
4043	44.9419
4044	44.9419
4045	44.9419
4046	44.9419
4047	44.9419
4048	44.9419
4049	44.9419
4050	44.9419
4051	44.9419
4052	44.9419
4053	44.9419
4054	44.9419
4055	44.9419
4056	44.9419
4057	44.9419
4058	44.8004
4059	44.814
4060	44.814
4061	44.8165
4062	44.8301
4063	44.8437
4064	44.8573
4065	44.8708
4066	44.8708
4067	44.8708
4068	44.8623
4069	44.8759
4070	44.8894
4071	44.903
4072	44.9165
4073	44.93
4074	44.9435
4075	44.9435
4076	44.9435
4077	44.9435
4078	44.924
4079	44.924
4080	44.924
4081	44.9155
4082	44.9155
4083	44.918
4084	44.9314
4085	44.9314
4086	44.9314
4087	44.9314
4088	44.9314
4089	44.9314
4090	44.9314
4091	44.9314
4092	44.9314
4093	44.9314
4094	44.8461
4095	44.8461
4096	44.8486
4097	44.8486
4098	44.8486
4099	44.8486
4100	44.8486
4101	44.8486
4102	44.8486
4103	44.8486
4104	44.7856
4105	44.7856
4106	44.7856
4107	44.7856
4108	44.7663
4109	44.7663
4110	44.7689
4111	44.7823
4112	44.7957
4113	44.8091
4114	44.8226
4115	44.836
4116	44.8494
4117	44.8494
4118	44.8519
4119	44.8653
4120	44.8786
4121	44.8786
4122	44.8786
4123	44.8786
4124	44.8594
4125	44.8727
4126	44.8861
4127	44.8994
4128	44.9128
4129	44.9128
4130	44.9128
4131	44.9044
4132	44.9044
4133	44.9068
4134	44.9202
4135	44.9202
4136	44.9202
4137	44.9202
4138	44.9009
4139	44.9142
4140	44.9275
4141	44.9275
4142	44.9275
4143	44.9191
4144	44.9191
4145	44.9191
4146	44.9108
4147	44.924
4148	44.9373
4149	44.9373
4150	44.9373
4151	44.9289
4152	44.9422
4153	44.9422
4154	44.9422
4155	44.9338
4156	44.9471
4157	44.9471
4158	44.9495
4159	44.9627
4160	44.9627
4161	44.9652
4162	44.9652
4163	44.9676
4164	44.9676
4165	44.9676
4166	44.9676
4167	44.9484
4168	44.9616
4169	44.9616
4170	44.964
4171	44.9772
4172	44.9772
4173	44.9796
4174	44.9796
4175	44.9796
4176	44.9796
4177	44.9796
4178	44.9796
4179	44.9796
4180	44.9282
4181	44.9414
4182	44.9414
4183	44.9414
4184	44.9414
4185	44.9414
4186	44.9116
4187	44.9116
4188	44.9116
4189	44.9033
4190	44.9033
4191	44.9033
4192	44.895
4193	44.895
4194	44.8975
4195	44.9106
4196	44.9237
4197	44.9369
4198	44.9369
4199	44.9369
4200	44.9369
4201	44.9369
4202	44.9072
4203	44.9203
4204	44.9334
4205	44.9334
4206	44.9358
4207	44.9489
4208	44.962
4209	44.9751
4210	44.9751
4211	44.9774
4212	44.9774
4213	44.9798
4214	44.9929
4215	44.9929
4216	44.9929
4217	44.9846
4218	44.9976
4219	44.9976
4220	45
4221	45
4222	45
4223	44.9917
4224	45.0047
4225	45.0047
4226	45.0071
4227	45.0201
4228	45.0331
4229	45.0461
4230	45.0591
4231	45.0591
4232	45.0591
4233	45.0508
4234	45.0638
4235	45.0767
4236	45.0897
4237	45.1027
4238	45.1027
4239	45.105
4240	45.105
4241	45.1073
4242	45.1202
4243	45.1332
4244	45.1332
4245	45.1355
4246	45.1355
4247	45.1355
4248	45.1355
4249	45.1165
4250	45.1165
4251	45.1188
4252	45.1317
4253	45.1317
4254	45.1317
4255	45.1317
4256	45.1128
4257	45.1257
4258	45.1386
4259	45.1386
4260	45.1408
4261	45.1537
4262	45.1537
4263	45.156
4264	45.1689
4265	45.1817
4266	45.1946
4267	45.1946
4268	45.1946
4269	45.1862
4270	45.1991
4271	45.1991
4272	45.1991
4273	45.1991
4274	45.1991
4275	45.1696
4276	45.1696
4277	45.1718
4278	45.1718
4279	45.1741
4280	45.1741
4281	45.1741
4282	45.1658
4283	45.1658
4284	45.1681
4285	45.1681
4286	45.1681
4287	45.1598
4288	45.1598
4289	45.162
4290	45.162
4291	45.162
4292	45.162
4293	45.162
4294	45.162
4295	45.162
4296	45.162
4297	45.1012
4298	45.1012
4299	45.1012
4300	45.1012
4301	45.1012
4302	45.1012
4303	45.1012
4304	45.1012
4305	45.0406
4306	45.0406
4307	45.043
4308	45.0557
4309	45.0685
4310	45.0685
4311	45.0707
4312	45.0707
4313	45.0707
4314	45.0626
4315	45.0753
4316	45.0753
4317	45.0776
4318	45.0776
4319	45.0799
4320	45.0926
4321	45.0926
4322	45.0926
4323	45.0926
4324	45.0926
4325	45.0926
4326	45.0532
4327	45.0659
4328	45.0659
4329	45.0681
4330	45.0681
4331	45.0681
4332	45.06
4333	45.06
4334	45.0623
4335	45.0623
4336	45.0646
4337	45.0772
4338	45.0772
4339	45.0772
4340	45.0772
4341	45.0772
4342	45.0772
4343	45.038
4344	45.038
4345	45.038
4346	45.0299
4347	45.0299
4348	45.0299
4349	45.0218
4350	45.0218
4351	45.0218
4352	45.0138
4353	45.0264
4354	45.0264
4355	45.0264
4356	45.0184
4357	45.031
4358	45.031
4359	45.0333
4360	45.0333
4361	45.0333
4362	45.0333
4363	45.0333
4364	45.0333
4365	44.9943
4366	45.0069
4367	45.0195
4368	45.0195
4369	45.0217
4370	45.0217
4371	45.024
4372	45.0366
4373	45.0366
4374	45.0389
4375	45.0389
4376	45.0411
4377	45.0537
4378	45.0662
4379	45.0788
4380	45.0788
4381	45.081
4382	45.081
4383	45.0833
4384	45.0833
4385	45.0833
4386	45.0833
4387	45.0833
4388	45.0547
4389	45.0547
4390	45.0569
4391	45.0569
4392	45.0569
4393	45.0569
4394	45.0387
4395	45.0512
4396	45.0637
4397	45.0637
4398	45.0637
4399	45.0637
4400	45.0637
4401	45.0637
4402	45.0637
4403	45.0148
4404	45.0148
4405	45.017
4406	45.017
4407	45.017
4408	45.0091
4409	45.0091
4410	45.0113
4411	45.0113
4412	45.0136
4413	45.0261
4414	45.0261
4415	45.0261
4416	45.0261
4417	45.0261
4418	45.0261
4419	45.0261
4420	45.0261
4421	45.0261
4422	45.0261
4423	44.9469
4424	44.9469
4425	44.9469
4426	44.939
4427	44.939
4428	44.939
4429	44.939
4430	44.939
4431	44.939
4432	44.9007
4433	44.9132
4434	44.9132
4435	44.9154
4436	44.9154
4437	44.9154
4438	44.9076
4439	44.92
4440	44.9324
4441	44.9448
4442	44.9448
4443	44.9448
4444	44.9448
4445	44.9269
4446	44.9269
4447	44.9269
4448	44.9191
4449	44.9314
4450	44.9314
4451	44.9314
4452	44.9236
4453	44.9236
4454	44.9236
4455	44.9236
4456	44.9236
4457	44.9236
4458	44.8856
4459	44.8856
4460	44.8879
4461	44.9002
4462	44.9002
4463	44.9002
4464	44.9002
4465	44.8824
4466	44.8824
4467	44.8847
4468	44.897
4469	44.9094
4470	44.9094
4471	44.9094
4472	44.9094
4473	44.9094
4474	44.8815
4475	44.8939
4476	44.8939
4477	44.8961
4478	44.8961
4479	44.8961
4480	44.8884
4481	44.9007
4482	44.9007
4483	44.9007
4484	44.9007
4485	44.9007
4486	44.8729
4487	44.8729
4488	44.8729
4489	44.8729
4490	44.8729
4491	44.8729
4492	44.8353
4493	44.8475
4494	44.8475
4495	44.8498
4496	44.8621
4497	44.8621
4498	44.8621
4499	44.8621
4500	44.8621
4501	44.8621
4502	44.8245
4503	44.8245
4504	44.8245
4505	44.8169
4506	44.8169
4507	44.8192
4508	44.8314
4509	44.8314
4510	44.8314
4511	44.8238
4512	44.8238
4513	44.8238
4514	44.8238
4515	44.8238
4516	44.7963
4517	44.8085
4518	44.8085
4519	44.8085
4520	44.8085
4521	44.8085
4522	44.8085
4523	44.8085
4524	44.8085
4525	44.8085
4526	44.7415
4527	44.7537
4528	44.7537
4529	44.7537
4530	44.7461
4531	44.7461
4532	44.7485
4533	44.7606
4534	44.7606
4535	44.763
4536	44.763
4537	44.7653
4538	44.7774
4539	44.7774
4540	44.7797
4541	44.7919
4542	44.8041
4543	44.8162
4544	44.8283
4545	44.8283
4546	44.8283
4547	44.8283
4548	44.8283
4549	44.8283
4550	44.7912
4551	44.7912
4552	44.7935
4553	44.7935
4554	44.7935
4555	44.7935
4556	44.7935
4557	44.7935
4558	44.7935
4559	44.7467
4560	44.7588
4561	44.7588
4562	44.7611
4563	44.7732
4564	44.7732
4565	44.7732
4566	44.7732
4567	44.7559
4568	44.768
4569	44.768
4570	44.768
4571	44.7604
4572	44.7725
4573	44.7846
4574	44.7967
4575	44.7967
4576	44.799
4577	44.811
4578	44.811
4579	44.8133
4580	44.8253
4581	44.8253
4582	44.8276
4583	44.8276
4584	44.8276
4585	44.8201
4586	44.8321
4587	44.8321
4588	44.8344
4589	44.8344
4590	44.8344
4591	44.8344
4592	44.8171
4593	44.8171
4594	44.8171
4595	44.8171
4596	44.7998
4597	44.8118
4598	44.8238
4599	44.8238
4600	44.8261
4601	44.8381
4602	44.8381
4603	44.8381
4604	44.8381
4605	44.8208
4606	44.8328
4607	44.8448
4608	44.8568
4609	44.8568
4610	44.8568
4611	44.8493
4612	44.8493
4613	44.8493
4614	44.8418
4615	44.8418
4616	44.8418
4617	44.8418
4618	44.8246
4619	44.8365
4620	44.8365
4621	44.8365
4622	44.8365
4623	44.8194
4624	44.8194
4625	44.8216
4626	44.8216
4627	44.8239
4628	44.8239
4629	44.8239
4630	44.8239
4631	44.8239
4632	44.8239
4633	44.7874
4634	44.7874
4635	44.7896
4636	44.7896
4637	44.7919
4638	44.8038
4639	44.8157
4640	44.8276
4641	44.8276
4642	44.8276
4643	44.8202
4644	44.832
4645	44.832
4646	44.832
4647	44.8246
4648	44.8246
4649	44.8268
4650	44.8387
4651	44.8387
4652	44.8409
4653	44.8409
4654	44.8409
4655	44.8335
4656	44.8335
4657	44.8357
4658	44.8476
4659	44.8594
4660	44.8594
4661	44.8594
4662	44.8594
4663	44.8594
4664	44.8594
4665	44.8594
4666	44.8594
4667	44.8039
4668	44.8158
4669	44.8158
4670	44.8158
4671	44.8084
4672	44.8202
4673	44.832
4674	44.832
4675	44.8342
4676	44.846
4677	44.846
4678	44.846
4679	44.8386
4680	44.8504
4681	44.8504
4682	44.8526
4683	44.8526
4684	44.8526
4685	44.8452
4686	44.857
4687	44.857
4688	44.8592
4689	44.8592
4690	44.8614
4691	44.8732
4692	44.8732
4693	44.8732
4694	44.8732
4695	44.8732
4696	44.8467
4697	44.8467
4698	44.8467
4699	44.8467
4700	44.8467
4701	44.8203
4702	44.8203
4703	44.8225
4704	44.8225
4705	44.8247
4706	44.8247
4707	44.8269
4708	44.8269
4709	44.8269
4710	44.8269
4711	44.8269
4712	44.8269
4713	44.791
4714	44.791
4715	44.791
4716	44.7837
4717	44.7837
4718	44.7837
4719	44.7764
4720	44.7881
4721	44.7881
4722	44.7881
4723	44.7809
4724	44.7809
4725	44.7831
4726	44.7831
4727	44.7831
4728	44.7831
4729	44.7663
4730	44.7663
4731	44.7685
4732	44.7685
4733	44.7685
4734	44.7613
4735	44.7613
4736	44.7613
4737	44.7541
4738	44.7541
4739	44.7563
4740	44.7563
4741	44.7563
4742	44.7563
4743	44.7563
4744	44.7563
4745	44.7563
4746	44.7563
4747	44.7563
4748	44.7563
4749	44.6831
4750	44.6831
4751	44.6853
4752	44.697
4753	44.7086
4754	44.7086
4755	44.7108
4756	44.7225
4757	44.7225
4758	44.7225
4759	44.7225
4760	44.7225
4761	44.6965
4762	44.6965
4763	44.6965
4764	44.6965
4765	44.68
4766	44.68
4767	44.6822
4768	44.6822
4769	44.6844
4770	44.6844
4771	44.6866
4772	44.6982
4773	44.7098
4774	44.7098
4775	44.7098
4776	44.7027
4777	44.7143
4778	44.7143
4779	44.7165
4780	44.7165
4781	44.7165
4782	44.7093
4783	44.7093
4784	44.7093
4785	44.7022
4786	44.7137
4787	44.7137
4788	44.716
4789	44.716
4790	44.716
4791	44.716
4792	44.716
4793	44.716
4794	44.6809
4795	44.6924
4796	44.6924
4797	44.6924
4798	44.6924
4799	44.676
4800	44.676
4801	44.676
4802	44.676
4803	44.676
4804	44.6503
4805	44.6503
4806	44.6503
4807	44.6432
4808	44.6432
4809	44.6455
4810	44.6455
4811	44.6477
4812	44.6477
4813	44.6477
4814	44.6406
4815	44.6406
4816	44.6406
4817	44.6406
4818	44.6243
4819	44.6243
4820	44.6266
4821	44.6266
4822	44.6266
4823	44.6195
4824	44.6195
4825	44.6195
4826	44.6195
4827	44.6033
4828	44.6147
4829	44.6262
4830	44.6262
4831	44.6262
4832	44.6192
4833	44.6307
4834	44.6307
4835	44.6307
4836	44.6307
4837	44.6144
4838	44.6259
4839	44.6259
4840	44.6281
4841	44.6281
4842	44.6303
4843	44.6418
4844	44.6532
4845	44.6646
4846	44.6646
4847	44.6646
4848	44.6646
4849	44.6484
4850	44.6598
4851	44.6712
4852	44.6826
4853	44.6826
4854	44.6848
4855	44.6848
4856	44.6848
4857	44.6848
4858	44.6848
4859	44.6848
4860	44.6848
4861	44.641
4862	44.6524
4863	44.6524
4864	44.6546
4865	44.6546
4866	44.6546
4867	44.6546
4868	44.6385
4869	44.6385
4870	44.6407
4871	44.652
4872	44.652
4873	44.652
4874	44.6451
4875	44.6564
4876	44.6678
4877	44.6791
4878	44.6904
4879	44.6904
4880	44.6904
4881	44.6835
4882	44.6835
4883	44.6856
4884	44.697
4885	44.697
4886	44.6991
4887	44.6991
4888	44.6991
4889	44.6991
4890	44.683
4891	44.6943
4892	44.6943
4893	44.6965
4894	44.6965
4895	44.6965
4896	44.6965
4897	44.6804
4898	44.6804
4899	44.6804
4900	44.6735
4901	44.6735
4902	44.6735
4903	44.6735
4904	44.6735
4905	44.6735
4906	44.6392
4907	44.6392
4908	44.6392
4909	44.6392
4910	44.6232
4911	44.6345
4912	44.6345
4913	44.6367
4914	44.6367
4915	44.6389
4916	44.6501
4917	44.6614
4918	44.6614
4919	44.6636
4920	44.6636
4921	44.6657
4922	44.6657
4923	44.6679
4924	44.6791
4925	44.6791
4926	44.6791
4927	44.6791
4928	44.6632
4929	44.6744
4930	44.6744
4931	44.6744
4932	44.6744
4933	44.6744
4934	44.6494
4935	44.6606
4936	44.6718
4937	44.683
4938	44.6942
4939	44.6942
4940	44.6942
4941	44.6873
4942	44.6985
4943	44.6985
4944	44.6985
4945	44.6985
4946	44.6826
4947	44.6826
4948	44.6826
4949	44.6826
4950	44.6667
4951	44.6667
4952	44.6688
4953	44.68
4954	44.68
4955	44.6821
4956	44.6933
4957	44.6933
4958	44.6933
4959	44.6933
4960	44.6933
4961	44.6684
4962	44.6684
4963	44.6706
4964	44.6817
4965	44.6817
4966	44.6817
4967	44.6749
4968	44.6749
4969	44.6749
4970	44.668
4971	44.668
4972	44.668
4973	44.6612
4974	44.6723
4975	44.6834
4976	44.6834
4977	44.6834
4978	44.6766
4979	44.6877
4980	44.6988
4981	44.6988
4982	44.6988
4983	44.6988
4984	44.683
4985	44.683
4986	44.683
4987	44.683
4988	44.6672
4989	44.6672
4990	44.6693
4991	44.6804
4992	44.6915
4993	44.6915
4994	44.6915
4995	44.6847
4996	44.6847
4997	44.6868
4998	44.6979
4999	44.7089
5000	44.72
5001	44.72
5002	44.72
5003	44.72
5004	44.72
5005	44.6953
5006	44.7064
5007	44.7064
5008	44.7064
5009	44.7064
5010	44.7064
5011	44.7064
5012	44.7064
5013	44.6639
5014	44.6749
5015	44.6859
5016	44.6859
5017	44.6859
5018	44.6792
5019	44.6792
5020	44.6792
5021	44.6724
5022	44.6724
5023	44.6724
5024	44.6724
5025	44.6724
5026	44.6478
5027	44.6588
5028	44.6588
5029	44.6588
5030	44.6588
5031	44.6588
5032	44.6588
5033	44.6255
5034	44.6255
5035	44.6276
5036	44.6276
5037	44.6297
5038	44.6407
5039	44.6407
5040	44.6429
5041	44.6429
5042	44.6429
5043	44.6429
5044	44.6273
5045	44.6273
5046	44.6273
5047	44.6273
5048	44.6117
5049	44.6117
5050	44.6117
5051	44.6117
5052	44.5962
5053	44.6072
5054	44.6072
5055	44.6072
5056	44.6072
5057	44.5917
5058	44.6026
5059	44.6026
5060	44.6026
5061	44.5959
5062	44.5959
5063	44.5981
5064	44.5981
5065	44.6002
5066	44.6111
5067	44.6221
5068	44.633
5069	44.633
5070	44.6351
5071	44.6351
5072	44.6372
5073	44.6481
5074	44.6481
5075	44.6502
5076	44.6612
5077	44.6612
5078	44.6633
5079	44.6741
5080	44.6741
5081	44.6762
5082	44.6871
5083	44.698
5084	44.698
5085	44.7001
5086	44.711
5087	44.7218
5088	44.7218
5089	44.7218
5090	44.7151
5091	44.7151
5092	44.7172
5093	44.7281
5094	44.7389
5095	44.7389
5096	44.7389
5097	44.7322
5098	44.743
5099	44.7539
5100	44.7539
5101	44.7539
5102	44.7539
5103	44.7539
5104	44.7539
5105	44.7209
5106	44.7317
5107	44.7317
5108	44.7317
5109	44.725
5110	44.7358
5111	44.7466
5112	44.7466
5113	44.7487
5114	44.7595
5115	44.7595
5116	44.7615
5117	44.7615
5118	44.7615
5119	44.7615
5120	44.7461
5121	44.7461
5122	44.7481
5123	44.7589
5124	44.7697
5125	44.7697
5126	44.7697
5127	44.7697
5128	44.7543
5129	44.7651
5130	44.7758
5131	44.7758
5132	44.7779
5133	44.7886
5134	44.7994
5135	44.7994
5136	44.7994
5137	44.7994
5138	44.784
5139	44.7947
5140	44.7947
5141	44.7967
5142	44.8075
5143	44.8075
5144	44.8095
5145	44.8202
5146	44.8202
5147	44.8222
5148	44.8222
5149	44.8222
5150	44.8155
5151	44.8155
5152	44.8175
5153	44.8175
5154	44.8175
5155	44.8175
5156	44.8175
5157	44.8175
5158	44.8175
5159	44.7761
5160	44.7868
5161	44.7868
5162	44.7888
5163	44.7995
5164	44.8102
5165	44.8209
5166	44.8209
5167	44.8229
5168	44.8336
5169	44.8443
5170	44.8443
5171	44.8463
5172	44.8569
5173	44.8676
5174	44.8676
5175	44.8676
5176	44.8609
5177	44.8715
5178	44.8822
5179	44.8822
5180	44.8822
5181	44.8822
5182	44.8822
5183	44.8582
5184	44.8582
5185	44.8582
5186	44.8582
5187	44.8429
5188	44.8429
5189	44.8449
5190	44.8449
5191	44.8469
5192	44.8575
5193	44.8681
5194	44.8787
5195	44.8893
5196	44.8893
5197	44.8913
5198	44.8913
5199	44.8932
5200	44.9038
5201	44.9038
5202	44.9038
5203	44.9038
5204	44.8885
5205	44.8885
5206	44.8905
5207	44.8905
5208	44.8905
5209	44.8905
5210	44.8905
5211	44.8905
5212	44.8905
5213	44.8905
5214	44.8408
5215	44.8514
5216	44.8514
5217	44.8514
5218	44.8514
5219	44.8362
5220	44.8362
5221	44.8382
5222	44.8487
5223	44.8487
5224	44.8487
5225	44.8487
5226	44.8487
5227	44.8249
5228	44.8249
5229	44.8249
5230	44.8249
5231	44.8098
5232	44.8098
5233	44.8098
5234	44.8098
5235	44.8098
5236	44.7861
5237	44.7861
5238	44.7881
5239	44.7881
5240	44.7901
5241	44.8006
5242	44.8111
5243	44.8111
5244	44.8111
5245	44.8046
5246	44.8151
5247	44.8151
5248	44.8151
5249	44.8151
5250	44.8
5251	44.8
5252	44.802
5253	44.8125
5254	44.8125
5255	44.8145
5256	44.8145
5257	44.8164
5258	44.8269
5259	44.8269
5260	44.8269
5261	44.8204
5262	44.8204
5263	44.8223
5264	44.8223
5265	44.8223
5266	44.8223
5267	44.8073
5268	44.8073
5269	44.8073
5270	44.8008
5271	44.8008
5272	44.8008
5273	44.7942
5274	44.7942
5275	44.7962
5276	44.8067
5277	44.8067
5278	44.8067
5279	44.8067
5280	44.7917
5281	44.8021
5282	44.8126
5283	44.8126
5284	44.8145
5285	44.8145
5286	44.8145
5287	44.8145
5288	44.7995
5289	44.7995
5290	44.8015
5291	44.8015
5292	44.8015
5293	44.8015
5294	44.7866
5295	44.7866
5296	44.7885
5297	44.7989
5298	44.8094
5299	44.8198
5300	44.8302
5301	44.8302
5302	44.8302
5303	44.8237
5304	44.8237
5305	44.8237
5306	44.8172
5307	44.8276
5308	44.838
5309	44.8484
5310	44.8484
5311	44.8484
5312	44.8419
5313	44.8419
5314	44.8419
5315	44.8419
5316	44.8419
5317	44.8419
5318	44.8101
5319	44.8205
5320	44.8205
5321	44.8224
5322	44.8224
5323	44.8243
5324	44.8243
5325	44.8243
5326	44.8243
5327	44.8095
5328	44.8095
5329	44.8114
5330	44.8114
5331	44.8114
5332	44.8114
5333	44.8114
5334	44.7882
5335	44.7882
5336	44.7901
5337	44.8004
5338	44.8004
5339	44.8024
5340	44.8024
5341	44.8024
5342	44.8024
5343	44.8024
5344	44.8024
5345	44.8024
5346	44.8024
5347	44.8024
5348	44.7457
5349	44.756
5350	44.7664
5351	44.7767
5352	44.787
5353	44.7973
5354	44.7973
5355	44.7973
5356	44.7909
5357	44.8012
5358	44.8012
5359	44.8012
5360	44.8012
5361	44.8012
5362	44.8012
5363	44.8012
5364	44.8012
5365	44.8012
5366	44.7447
5367	44.7447
5368	44.7447
5369	44.7447
5370	44.73
5371	44.7403
5372	44.7506
5373	44.7608
5374	44.7608
5375	44.7608
5376	44.7608
5377	44.7461
5378	44.7564
5379	44.7564
5380	44.7564
5381	44.75
5382	44.7603
5383	44.7603
5384	44.7623
5385	44.7725
5386	44.7725
