1	0
2	0
3	0
4	0
5	0
6	0
7	14.2857
8	25
9	25
10	25
11	27.2727
12	27.2727
13	30.7692
14	35.7143
15	40
16	43.75
17	47.0588
18	47.0588
19	47.3684
20	50
21	52.381
22	54.5455
23	56.5217
24	56.5217
25	56
26	57.6923
27	57.6923
28	57.1429
29	58.6207
30	58.6207
31	58.0645
32	59.375
33	60.6061
34	61.7647
35	61.7647
36	61.1111
37	62.1622
38	63.1579
39	64.1026
40	64.1026
41	64.1026
42	61.9048
43	62.7907
44	63.6364
45	63.6364
46	63.0435
47	63.8298
48	63.8298
49	63.8298
50	62
51	62
52	62
53	62
54	62
55	58.1818
56	58.9286
57	59.6491
58	59.6491
59	59.6491
60	58.3333
61	59.0164
62	59.6774
63	59.6774
64	59.6774
65	59.6774
66	59.6774
67	56.7164
68	57.3529
69	57.971
70	58.5714
71	59.1549
72	59.1549
73	58.9041
74	59.4595
75	59.4595
76	59.2105
77	59.2105
78	59.2105
79	59.2105
80	57.5
81	58.0247
82	58.0247
83	58.0247
84	58.0247
85	56.4706
86	56.4706
87	56.4706
88	55.6818
89	56.1798
90	56.1798
91	56.044
92	56.5217
93	56.5217
94	56.383
95	56.383
96	56.383
97	55.6701
98	55.6701
99	55.6701
100	55.6701
101	55.6701
102	55.6701
103	55.6701
104	55.6701
105	55.6701
106	55.6701
107	55.6701
108	50.9259
109	51.3761
110	51.3761
111	51.3514
112	51.7857
113	52.2124
114	52.6316
115	53.0435
116	53.0435
117	53.0435
118	52.5424
119	52.9412
120	53.3333
121	53.719
122	54.0984
123	54.4715
124	54.8387
125	54.8387
126	54.8387
127	54.8387
128	53.9062
129	53.9062
130	53.9062
131	53.4351
132	53.4351
133	53.3835
134	53.7313
135	53.7313
136	53.7313
137	53.7313
138	53.7313
139	53.7313
140	53.7313
141	53.7313
142	53.7313
143	53.7313
144	50.6944
145	50.6944
146	50.6849
147	50.6849
148	50.6849
149	50.6849
150	50.6849
151	50.6849
152	50.6849
153	50.6849
154	48.7013
155	48.7013
156	48.7013
157	48.7013
158	48.1013
159	48.1013
160	48.125
161	48.4472
162	48.7654
163	49.0798
164	49.3902
165	49.697
166	50
167	50
168	50
169	50.2959
170	50.5882
171	50.5882
172	50.5882
173	50.5882
174	50
175	50.2857
176	50.5682
177	50.8475
178	51.1236
179	51.1236
180	51.1236
181	50.8287
182	50.8287
183	50.8197
184	51.087
185	51.087
186	51.087
187	51.087
188	50.5319
189	50.7937
190	51.0526
191	51.0526
192	51.0526
193	50.7772
194	50.7772
195	50.7772
196	50.5102
197	50.7614
198	51.0101
199	51.0101
200	51.0101
201	50.7463
202	50.9901
203	50.9901
204	50.9901
205	50.7317
206	50.9709
207	50.9709
208	50.9615
209	51.1962
210	51.1962
211	51.1848
212	51.1848
213	51.1737
214	51.1737
215	51.1737
216	51.1737
217	50.6912
218	50.9174
219	50.9174
220	50.9091
221	51.1312
222	51.1312
223	51.1211
224	51.1211
225	51.1211
226	51.1211
227	51.1211
228	51.1211
229	51.1211
230	50
231	50.2164
232	50.2164
233	50.2164
234	50.2164
235	50.2164
236	49.5763
237	49.5763
238	49.5763
239	49.3724
240	49.3724
241	49.3724
242	49.1736
243	49.1736
244	49.1803
245	49.3878
246	49.5935
247	49.7976
248	49.7976
249	49.7976
250	49.7976
251	49.7976
252	49.2063
253	49.4071
254	49.6063
255	49.6063
256	49.6094
257	49.8054
258	50
259	50.1931
260	50.1931
261	50.1916
262	50.1916
263	50.1901
264	50.3788
265	50.3788
266	50.3788
267	50.1873
268	50.3731
269	50.3731
270	50.3704
271	50.3704
272	50.3704
273	50.1832
274	50.365
275	50.365
276	50.3623
277	50.5415
278	50.7194
279	50.8961
280	51.0714
281	51.0714
282	51.0714
283	50.8834
284	51.0563
285	51.2281
286	51.3986
287	51.5679
288	51.5679
289	51.5571
290	51.5571
291	51.5464
292	51.7123
293	51.8771
294	51.8771
295	51.8644
296	51.8644
297	51.8644
298	51.8644
299	51.505
300	51.505
301	51.495
302	51.6556
303	51.6556
304	51.6556
305	51.6556
306	51.3072
307	51.4658
308	51.6234
309	51.6234
310	51.6129
311	51.7685
312	51.7685
313	51.7572
314	51.9108
315	52.0635
316	52.2152
317	52.2152
318	52.2152
319	52.0376
320	52.1875
321	52.1875
322	52.1875
323	52.1875
324	52.1875
325	51.6923
326	51.6923
327	51.682
328	51.682
329	51.6717
330	51.6717
331	51.6717
332	51.506
333	51.506
334	51.497
335	51.497
336	51.497
337	51.3353
338	51.3353
339	51.3274
340	51.3274
341	51.3274
342	51.3274
343	51.3274
344	51.3274
345	51.3274
346	51.3274
347	50.4323
348	50.4323
349	50.4323
350	50.4323
351	50.4323
352	50.4323
353	50.4323
354	50.4323
355	49.5775
356	49.5775
357	49.5798
358	49.7207
359	49.8607
360	49.8607
361	49.8615
362	49.8615
363	49.8615
364	49.7253
365	49.863
366	49.863
367	49.8638
368	49.8638
369	49.8645
370	50
371	50
372	50
373	50
374	50
375	50
376	49.4681
377	49.6021
378	49.6021
379	49.6042
380	49.6042
381	49.6042
382	49.4764
383	49.4764
384	49.4792
385	49.4792
386	49.4819
387	49.6124
388	49.6124
389	49.6124
390	49.6124
391	49.6124
392	49.6124
393	49.1094
394	49.1094
395	49.1094
396	48.9899
397	48.9899
398	48.9899
399	48.8722
400	48.8722
401	48.8722
402	48.7562
403	48.8834
404	48.8834
405	48.8834
406	48.7685
407	48.8943
408	48.8943
409	48.8998
410	48.8998
411	48.8998
412	48.8998
413	48.8998
414	48.8998
415	48.4337
416	48.5577
417	48.6811
418	48.6811
419	48.6874
420	48.6874
421	48.6936
422	48.8152
423	48.8152
424	48.8208
425	48.8208
426	48.8263
427	48.9461
428	49.0654
429	49.1842
430	49.1842
431	49.1879
432	49.1879
433	49.1917
434	49.1917
435	49.1917
436	49.1917
437	49.1917
438	48.8584
439	48.8584
440	48.8636
441	48.8636
442	48.8636
443	48.7585
444	48.7585
445	48.764
446	48.8789
447	48.8789
448	48.8789
449	48.8789
450	48.8789
451	48.8789
452	48.8789
453	48.8789
454	48.2379
455	48.2379
456	48.2456
457	48.3589
458	48.3589
459	48.3589
460	48.2609
461	48.3731
462	48.4848
463	48.5961
464	48.7069
465	48.7069
466	48.7069
467	48.7069
468	48.7069
469	48.4009
470	48.4009
471	48.4009
472	48.3051
473	48.4144
474	48.5232
475	48.5232
476	48.5294
477	48.6373
478	48.6373
479	48.6373
480	48.6373
481	48.6373
482	48.6373
483	48.2402
484	48.3471
485	48.4536
486	48.4536
487	48.46
488	48.46
489	48.46
490	48.46
491	48.2688
492	48.374
493	48.374
494	48.374
495	48.374
496	48.374
497	48.374
498	48.374
499	48.374
500	48.374
501	47.7046
502	47.8088
503	47.9125
504	47.9125
505	47.9125
506	47.9125
507	47.7318
508	47.8346
509	47.8346
510	47.8346
511	47.8346
512	47.8346
513	47.5634
514	47.5634
515	47.5634
516	47.5634
517	47.3888
518	47.3888
519	47.3988
520	47.5
521	47.6008
522	47.6008
523	47.6008
524	47.6008
525	47.6008
526	47.6008
527	47.6008
528	47.1591
529	47.1591
530	47.1591
531	47.1591
532	47.1591
533	47.1591
534	46.8165
535	46.8165
536	46.8165
537	46.8165
538	46.8165
539	46.8165
540	46.4815
541	46.4815
542	46.4815
543	46.4088
544	46.4088
545	46.4088
546	46.4088
547	46.4088
548	46.4088
549	46.4088
550	46.4088
551	46.4088
552	46.4088
553	45.7505
554	45.8484
555	45.9459
556	46.0432
557	46.14
558	46.2366
559	46.2366
560	46.25
561	46.3458
562	46.3458
563	46.3458
564	46.2766
565	46.3717
566	46.4664
567	46.4664
568	46.4789
569	46.4789
570	46.4912
571	46.5849
572	46.6783
573	46.6783
574	46.6783
575	46.6087
576	46.7014
577	46.7938
578	46.7938
579	46.8048
580	46.8966
581	46.988
582	46.988
583	46.988
584	46.988
585	46.8376
586	46.9283
587	47.0187
588	47.0187
589	47.0187
590	47.0187
591	47.0187
592	46.7905
593	46.7905
594	46.8013
595	46.8908
596	46.8908
597	46.8908
598	46.8908
599	46.8908
600	46.8908
601	46.589
602	46.589
603	46.589
604	46.5232
605	46.5232
606	46.5232
607	46.458
608	46.458
609	46.458
610	46.3934
611	46.4812
612	46.4812
613	46.4927
614	46.5798
615	46.5798
616	46.5798
617	46.5798
618	46.5798
619	46.3651
620	46.4516
621	46.4516
622	46.4516
623	46.4516
624	46.3141
625	46.4
626	46.4856
627	46.4856
628	46.4856
629	46.4229
630	46.5079
631	46.5079
632	46.519
633	46.6035
634	46.6877
635	46.6877
636	46.6877
637	46.6248
638	46.6248
639	46.6354
640	46.6354
641	46.6354
642	46.6354
643	46.6354
644	46.6354
645	46.3566
646	46.3566
647	46.3566
648	46.3566
649	46.3566
650	46.1538
651	46.2366
652	46.2366
653	46.2481
654	46.2481
655	46.2595
656	46.3415
657	46.3415
658	46.3526
659	46.434
660	46.5152
661	46.5961
662	46.5961
663	46.5961
664	46.5361
665	46.6165
666	46.6165
667	46.6267
668	46.7066
669	46.7066
670	46.7164
671	46.7164
672	46.7262
673	46.7262
674	46.7359
675	46.7359
676	46.7456
677	46.7456
678	46.7552
679	46.8336
680	46.8336
681	46.8336
682	46.8336
683	46.7057
684	46.7057
685	46.7153
686	46.793
687	46.8705
688	46.9477
689	46.9477
690	46.9477
691	46.9477
692	46.9477
693	46.7532
694	46.7532
695	46.7626
696	46.8391
697	46.8391
698	46.8481
699	46.8481
700	46.8481
701	46.7903
702	46.7903
703	46.7903
704	46.733
705	46.8085
706	46.8085
707	46.8175
708	46.8175
709	46.8175
710	46.7606
711	46.7606
712	46.7606
713	46.7606
714	46.7606
715	46.5734
716	46.5734
717	46.583
718	46.583
719	46.583
720	46.583
721	46.583
722	46.583
723	46.3347
724	46.4088
725	46.4828
726	46.4828
727	46.4924
728	46.4924
729	46.5021
730	46.5753
731	46.5753
732	46.5753
733	46.5211
734	46.594
735	46.594
736	46.6033
737	46.6757
738	46.6757
739	46.6757
740	46.6757
741	46.6757
742	46.496
743	46.568
744	46.568
745	46.568
746	46.568
747	46.568
748	46.568
749	46.568
750	46.2667
751	46.3382
752	46.3382
753	46.3382
754	46.3382
755	46.2252
756	46.2252
757	46.2351
758	46.2351
759	46.2451
760	46.3158
761	46.3158
762	46.3158
763	46.2647
764	46.2647
765	46.2647
766	46.2141
767	46.2842
768	46.2842
769	46.2939
770	46.2939
771	46.2939
772	46.2939
773	46.2939
774	46.124
775	46.124
776	46.124
777	46.0746
778	46.0746
779	46.0746
780	46.0256
781	46.0947
782	46.0947
783	46.1047
784	46.1735
785	46.242
786	46.242
787	46.242
788	46.242
789	46.1343
790	46.2025
791	46.2025
792	46.2025
793	46.1538
794	46.1538
795	46.1538
796	46.1055
797	46.1055
798	46.1055
799	46.1055
800	46.1055
801	46.1055
802	46.1055
803	45.8281
804	45.8281
805	45.8281
806	45.7816
807	45.7816
808	45.7816
809	45.7816
810	45.7816
811	45.6227
812	45.6897
813	45.6897
814	45.7002
815	45.7669
816	45.7669
817	45.7669
818	45.7669
819	45.7669
820	45.7669
821	45.5542
822	45.6204
823	45.6204
824	45.6311
825	45.6311
826	45.6311
827	45.6311
828	45.6311
829	45.4765
830	45.4765
831	45.4874
832	45.5529
833	45.6182
834	45.6182
835	45.6287
836	45.6287
837	45.6392
838	45.6392
839	45.6392
840	45.5952
841	45.6599
842	45.7245
843	45.7245
844	45.7346
845	45.7988
846	45.7988
847	45.7988
848	45.7988
849	45.7988
850	45.6471
851	45.6471
852	45.6471
853	45.6038
854	45.6038
855	45.614
856	45.614
857	45.614
858	45.5711
859	45.6345
860	45.6977
861	45.7607
862	45.7607
863	45.7706
864	45.7706
865	45.7706
866	45.7706
867	45.7706
868	45.6221
869	45.6221
870	45.6322
871	45.6322
872	45.6422
873	45.7045
874	45.7666
875	45.8286
876	45.8286
877	45.8286
878	45.7859
879	45.7859
880	45.7955
881	45.857
882	45.9184
883	45.9184
884	45.9184
885	45.9184
886	45.8239
887	45.8239
888	45.8239
889	45.7818
890	45.7818
891	45.7818
892	45.7399
893	45.7399
894	45.7399
895	45.6983
896	45.7589
897	45.7589
898	45.7589
899	45.7175
900	45.7175
901	45.727
902	45.727
903	45.7364
904	45.7965
905	45.7965
906	45.7965
907	45.7965
908	45.7048
909	45.7646
910	45.7646
911	45.7739
912	45.8333
913	45.8333
914	45.8333
915	45.8333
916	45.7424
917	45.8015
918	45.8606
919	45.9195
920	45.9195
921	45.9283
922	45.9283
923	45.9283
924	45.9283
925	45.9283
926	45.7883
927	45.7883
928	45.7974
929	45.8558
930	45.8558
931	45.8647
932	45.9227
933	45.9227
934	45.9315
935	45.9315
936	45.9315
937	45.8911
938	45.8911
939	45.8911
940	45.8511
941	45.8511
942	45.8599
943	45.8599
944	45.8686
945	45.9259
946	45.9259
947	45.9259
948	45.9259
949	45.9259
950	45.9259
951	45.9259
952	45.6933
953	45.6933
954	45.6933
955	45.6933
956	45.6067
957	45.6067
958	45.6159
959	45.6159
960	45.625
961	45.6816
962	45.738
963	45.7944
964	45.8506
965	45.9067
966	45.9067
967	45.9067
968	45.9067
969	45.8204
970	45.8204
971	45.8204
972	45.8204
973	45.7348
974	45.7348
975	45.7348
976	45.6967
977	45.7523
978	45.7523
979	45.761
980	45.761
981	45.7696
982	45.8248
983	45.8248
984	45.8248
985	45.7868
986	45.8418
987	45.8967
988	45.8967
989	45.905
990	45.905
991	45.905
992	45.905
993	45.8207
994	45.8207
995	45.8207
996	45.8207
997	45.8207
998	45.6914
999	45.6914
1000	45.7
1001	45.7
1002	45.7
1003	45.663
1004	45.7171
1005	45.7711
1006	45.8251
1007	45.8251
1008	45.8251
1009	45.7879
1010	45.7879
1011	45.7879
1012	45.751
1013	45.8045
1014	45.8045
1015	45.8045
1016	45.8045
1017	45.8045
1018	45.6778
1019	45.7311
1020	45.7843
1021	45.8374
1022	45.8904
1023	45.8904
1024	45.8904
1025	45.8537
1026	45.8537
1027	45.8617
1028	45.9144
1029	45.967
1030	45.967
1031	45.9748
1032	45.9748
1033	45.9748
1034	45.9748
1035	45.9748
1036	45.8494
1037	45.8494
1038	45.8574
1039	45.8574
1040	45.8574
1041	45.8574
1042	45.7774
1043	45.7774
1044	45.7854
1045	45.7854
1046	45.7854
1047	45.7498
1048	45.8015
1049	45.8015
1050	45.8015
1051	45.8015
1052	45.8015
1053	45.679
1054	45.7305
1055	45.782
1056	45.782
1057	45.782
1058	45.782
1059	45.782
1060	45.6604
1061	45.7116
1062	45.7116
1063	45.7197
1064	45.7707
1065	45.7707
1066	45.7707
1067	45.7707
1068	45.6929
1069	45.6929
1070	45.7009
1071	45.7009
1072	45.7009
1073	45.7009
1074	45.7009
1075	45.7009
1076	45.539
1077	45.5896
1078	45.6401
1079	45.6401
1080	45.6401
1081	45.6401
1082	45.6401
1083	45.6401
1084	45.4797
1085	45.53
1086	45.53
1087	45.5382
1088	45.5882
1089	45.6382
1090	45.6881
1091	45.6881
1092	45.696
1093	45.7457
1094	45.7952
1095	45.7952
1096	45.8029
1097	45.8029
1098	45.8029
1099	45.8029
1100	45.8029
1101	45.6857
1102	45.6857
1103	45.6857
1104	45.6857
1105	45.6109
1106	45.66
1107	45.7091
1108	45.7091
1109	45.7091
1110	45.6757
1111	45.6757
1112	45.6757
1113	45.6424
1114	45.6912
1115	45.7399
1116	45.7885
1117	45.8371
1118	45.8855
1119	45.9339
1120	45.9821
1121	46.0303
1122	46.0303
1123	46.0374
1124	46.0374
1125	46.0374
1126	46.0374
1127	46.0374
1128	46.0374
1129	46.0374
1130	45.8407
1131	45.8407
1132	45.8407
1133	45.8407
1134	45.7672
1135	45.7672
1136	45.7672
1137	45.7344
1138	45.7821
1139	45.7821
1140	45.7821
1141	45.7493
1142	45.7493
1143	45.7493
1144	45.7493
1145	45.7493
1146	45.637
1147	45.6844
1148	45.7317
1149	45.7317
1150	45.7317
1151	45.6994
1152	45.6994
1153	45.7069
1154	45.7539
1155	45.7539
1156	45.7612
1157	45.7612
1158	45.7612
1159	45.7612
1160	45.6897
1161	45.7364
1162	45.7364
1163	45.7438
1164	45.7438
1165	45.7438
1166	45.7438
1167	45.6727
1168	45.6727
1169	45.6727
1170	45.641
1171	45.641
1172	45.641
1173	45.641
1174	45.641
1175	45.641
1176	45.4932
1177	45.4932
1178	45.4932
1179	45.4932
1180	45.4237
1181	45.4699
1182	45.4699
1183	45.4776
1184	45.4776
1185	45.4852
1186	45.5312
1187	45.5771
1188	45.5771
1189	45.5845
1190	45.5845
1191	45.5919
1192	45.5919
1193	45.5993
1194	45.6449
1195	45.6449
1196	45.6449
1197	45.6449
1198	45.576
1199	45.6213
1200	45.6213
1201	45.6213
1202	45.6213
1203	45.6213
1204	45.5149
1205	45.5602
1206	45.6053
1207	45.6504
1208	45.6954
1209	45.6954
1210	45.6954
1211	45.6647
1212	45.7096
1213	45.7096
1214	45.7096
1215	45.7096
1216	45.6414
1217	45.6414
1218	45.6414
1219	45.6414
1220	45.5738
1221	45.5738
1222	45.581
1223	45.6255
1224	45.6255
1225	45.6327
1226	45.677
1227	45.677
1228	45.677
1229	45.677
1230	45.677
1231	45.5727
1232	45.5727
1233	45.5799
1234	45.624
1235	45.624
1236	45.624
1237	45.5942
1238	45.5942
1239	45.5942
1240	45.5645
1241	45.5645
1242	45.5645
1243	45.535
1244	45.5788
1245	45.6225
1246	45.6225
1247	45.6225
1248	45.5929
1249	45.6365
1250	45.68
1251	45.68
1252	45.68
1253	45.68
1254	45.614
1255	45.614
1256	45.614
1257	45.614
1258	45.5485
1259	45.5485
1260	45.5556
1261	45.5987
1262	45.5987
1263	45.5987
1264	45.5696
1265	45.6126
1266	45.6556
1267	45.6985
1268	45.7413
1269	45.7413
1270	45.7413
1271	45.712
1272	45.712
1273	45.7188
1274	45.7614
1275	45.7614
1276	45.768
1277	45.768
1278	45.768
1279	45.768
1280	45.768
1281	45.6674
1282	45.7098
1283	45.7098
1284	45.7098
1285	45.6809
1286	45.6809
1287	45.6809
1288	45.6522
1289	45.6943
1290	45.7364
1291	45.7785
1292	45.7785
1293	45.7785
1294	45.7496
1295	45.7496
1296	45.7496
1297	45.7496
1298	45.7496
1299	45.7496
1300	45.6154
1301	45.6572
1302	45.6989
1303	45.7406
1304	45.7406
1305	45.7471
1306	45.7887
1307	45.7887
1308	45.7887
1309	45.7601
1310	45.7601
1311	45.7601
1312	45.7601
1313	45.7601
1314	45.7601
1315	45.6274
1316	45.6274
1317	45.634
1318	45.6753
1319	45.6753
1320	45.6818
1321	45.6818
1322	45.6884
1323	45.6884
1324	45.6884
1325	45.6884
1326	45.6259
1327	45.6669
1328	45.6669
1329	45.6734
1330	45.6734
1331	45.6799
1332	45.7207
1333	45.7614
1334	45.7614
1335	45.7614
1336	45.7335
1337	45.7335
1338	45.7399
1339	45.7399
1340	45.7399
1341	45.7122
1342	45.7122
1343	45.7122
1344	45.6845
1345	45.7249
1346	45.7249
1347	45.7313
1348	45.7313
1349	45.7376
1350	45.7778
1351	45.7778
1352	45.7778
1353	45.7778
1354	45.7778
1355	45.6827
1356	45.6827
1357	45.689
1358	45.689
1359	45.6954
1360	45.7353
1361	45.7353
1362	45.7353
1363	45.7353
1364	45.7353
1365	45.7353
1366	45.7353
1367	45.7353
1368	45.7353
1369	45.7353
1370	45.7353
1371	45.7353
1372	45.4082
1373	45.4082
1374	45.4148
1375	45.4148
1376	45.4215
1377	45.4611
1378	45.5007
1379	45.5007
1380	45.5007
1381	45.5007
1382	45.5007
1383	45.5007
1384	45.3757
1385	45.4152
1386	45.4545
1387	45.4545
1388	45.4545
1389	45.4545
1390	45.3957
1391	45.3957
1392	45.4023
1393	45.4415
1394	45.4806
1395	45.5197
1396	45.5197
1397	45.5261
1398	45.5651
1399	45.5651
1400	45.5714
1401	45.5714
1402	45.5777
1403	45.6165
1404	45.6553
1405	45.694
1406	45.694
1407	45.694
1408	45.694
1409	45.6352
1410	45.6352
1411	45.6352
1412	45.6352
1413	45.5768
1414	45.5768
1415	45.5768
1416	45.5508
1417	45.5508
1418	45.5571
1419	45.5571
1420	45.5571
1421	45.5313
1422	45.5696
1423	45.5696
1424	45.5758
1425	45.5758
1426	45.5758
1427	45.5758
1428	45.5758
1429	45.5758
1430	45.5758
1431	45.4228
1432	45.4228
1433	45.4228
1434	45.4228
1435	45.3659
1436	45.3659
1437	45.3723
1438	45.3723
1439	45.3787
1440	45.3787
1441	45.3852
1442	45.3852
1443	45.3915
1444	45.4294
1445	45.4294
1446	45.4294
1447	45.4294
1448	45.4294
1449	45.4294
1450	45.4294
1451	45.2791
1452	45.3168
1453	45.3544
1454	45.392
1455	45.4296
1456	45.4296
1457	45.4296
1458	45.4047
1459	45.4421
1460	45.4795
1461	45.5168
1462	45.5168
1463	45.5168
1464	45.5168
1465	45.5168
1466	45.5168
1467	45.5168
1468	45.5168
1469	45.5168
1470	45.5168
1471	45.5168
1472	45.5168
1473	45.5168
1474	45.5168
1475	45.5168
1476	45.5168
1477	45.5168
1478	45.5168
1479	45.0304
1480	45.0676
1481	45.1047
1482	45.1417
1483	45.1787
1484	45.1787
1485	45.1852
1486	45.1852
1487	45.1917
1488	45.2285
1489	45.2653
1490	45.302
1491	45.302
1492	45.302
1493	45.278
1494	45.278
1495	45.2843
1496	45.3209
1497	45.3209
1498	45.3209
1499	45.2969
1500	45.3333
1501	45.3698
1502	45.3698
1503	45.3698
1504	45.3457
1505	45.3821
1506	45.4183
1507	45.4545
1508	45.4907
1509	45.5268
1510	45.5268
1511	45.5268
1512	45.5026
1513	45.5387
1514	45.5387
1515	45.5387
1516	45.5387
1517	45.5387
1518	45.4545
1519	45.4545
1520	45.4605
1521	45.4964
1522	45.4964
1523	45.4964
1524	45.4964
1525	45.4426
1526	45.4784
1527	45.4784
1528	45.4843
1529	45.4843
1530	45.4843
1531	45.4843
1532	45.4843
1533	45.4843
1534	45.4843
1535	45.342
1536	45.342
1537	45.342
1538	45.3186
1539	45.3186
1540	45.3186
1541	45.3186
1542	45.2659
1543	45.2659
1544	45.272
1545	45.272
1546	45.2781
1547	45.2781
1548	45.2781
1549	45.2781
1550	45.2781
1551	45.2781
1552	45.2781
1553	45.2781
1554	45.2781
1555	45.0804
1556	45.0804
1557	45.0867
1558	45.122
1559	45.1572
1560	45.1923
1561	45.1923
1562	45.1923
1563	45.1923
1564	45.1923
1565	45.1923
1566	45.1923
1567	45.0542
1568	45.0542
1569	45.0542
1570	45.0542
1571	45.0032
1572	45.0032
1573	45.0032
1574	45.0032
1575	45.0032
1576	45.0032
1577	45.0032
1578	45.0032
1579	44.8385
1580	44.8385
1581	44.845
1582	44.845
1583	44.845
1584	44.845
1585	44.845
1586	44.7667
1587	44.8015
1588	44.8015
1589	44.8081
1590	44.8428
1591	44.8428
1592	44.8428
1593	44.8211
1594	44.8211
1595	44.8276
1596	44.8276
1597	44.8341
1598	44.8341
1599	44.8341
1600	44.8125
1601	44.8125
1602	44.819
1603	44.819
1604	44.819
1605	44.819
1606	44.7696
1607	44.7696
1608	44.7761
1609	44.8104
1610	44.8104
1611	44.8169
1612	44.8511
1613	44.8511
1614	44.8511
1615	44.8297
1616	44.8297
1617	44.8297
1618	44.8084
1619	44.8425
1620	44.8765
1621	44.9105
1622	44.9105
1623	44.9168
1624	44.9507
1625	44.9507
1626	44.957
1627	44.957
1628	44.957
1629	44.957
1630	44.957
1631	44.957
1632	44.8529
1633	44.8529
1634	44.8592
1635	44.8592
1636	44.8655
1637	44.8655
1638	44.8718
1639	44.9054
1640	44.9054
1641	44.9054
1642	44.9054
1643	44.9054
1644	44.8297
1645	44.8632
1646	44.8632
1647	44.8632
1648	44.8422
1649	44.8422
1650	44.8422
1651	44.8213
1652	44.8547
1653	44.8547
1654	44.8609
1655	44.8609
1656	44.8609
1657	44.8401
1658	44.8733
1659	44.8733
1660	44.8733
1661	44.8733
1662	44.8733
1663	44.8733
1664	44.8733
1665	44.8733
1666	44.8733
1667	44.8733
1668	44.6643
1669	44.6643
1670	44.6643
1671	44.6643
1672	44.6172
1673	44.6172
1674	44.6172
1675	44.6172
1676	44.5704
1677	44.5704
1678	44.5769
1679	44.6099
1680	44.6429
1681	44.6429
1682	44.6429
1683	44.6429
1684	44.6429
1685	44.6429
1686	44.5433
1687	44.5762
1688	44.5762
1689	44.5826
1690	44.6154
1691	44.6154
1692	44.6154
1693	44.6154
1694	44.6154
1695	44.5428
1696	44.5755
1697	44.5755
1698	44.5819
1699	44.6145
1700	44.6145
1701	44.6145
1702	44.6145
1703	44.6145
1704	44.5423
1705	44.5423
1706	44.5423
1707	44.5226
1708	44.5226
1709	44.5226
1710	44.5226
1711	44.4769
1712	44.5093
1713	44.5093
1714	44.5093
1715	44.5093
1716	44.4639
1717	44.4639
1718	44.4703
1719	44.4703
1720	44.4703
1721	44.4509
1722	44.4832
1723	44.4832
1724	44.4832
1725	44.4832
1726	44.438
1727	44.438
1728	44.438
1729	44.4187
1730	44.4187
1731	44.4252
1732	44.4252
1733	44.4316
1734	44.4316
1735	44.4316
1736	44.4124
1737	44.4444
1738	44.4764
1739	44.5083
1740	44.5402
1741	44.5721
1742	44.5721
1743	44.5721
1744	44.5721
1745	44.5721
1746	44.5017
1747	44.5017
1748	44.508
1749	44.5397
1750	44.5397
1751	44.5397
1752	44.5205
1753	44.5205
1754	44.5205
1755	44.5205
1756	44.4761
1757	44.4761
1758	44.4824
1759	44.4824
1760	44.4824
1761	44.4634
1762	44.4949
1763	44.4949
1764	44.5011
1765	44.5326
1766	44.5326
1767	44.5388
1768	44.5388
1769	44.5388
1770	44.5388
1771	44.5388
1772	44.5388
1773	44.4444
1774	44.4758
1775	44.4758
1776	44.4758
1777	44.4758
1778	44.4758
1779	44.407
1780	44.407
1781	44.407
1782	44.3883
1783	44.4195
1784	44.4507
1785	44.4818
1786	44.4818
1787	44.488
1788	44.519
1789	44.55
1790	44.55
1791	44.55
1792	44.55
1793	44.55
1794	44.55
1795	44.55
1796	44.55
1797	44.55
1798	44.55
1799	44.55
1800	44.3333
1801	44.3642
1802	44.3951
1803	44.3951
1804	44.4013
1805	44.4013
1806	44.4013
1807	44.4013
1808	44.3584
1809	44.3892
1810	44.3892
1811	44.3892
1812	44.3709
1813	44.4015
1814	44.4322
1815	44.4322
1816	44.4322
1817	44.4322
1818	44.3894
1819	44.3894
1820	44.3956
1821	44.3956
1822	44.4018
1823	44.4018
1824	44.4018
1825	44.3836
1826	44.3836
1827	44.3836
1828	44.3654
1829	44.3958
1830	44.4262
1831	44.4262
1832	44.4262
1833	44.4081
1834	44.4384
1835	44.4687
1836	44.4687
1837	44.4747
1838	44.4747
1839	44.4747
1840	44.4565
1841	44.4867
1842	44.5168
1843	44.5168
1844	44.5228
1845	44.5528
1846	44.5829
1847	44.6129
1848	44.6129
1849	44.6187
1850	44.6187
1851	44.6245
1852	44.6544
1853	44.6843
1854	44.6843
1855	44.6843
1856	44.6843
1857	44.6419
1858	44.6419
1859	44.6419
1860	44.6237
1861	44.6237
1862	44.6237
1863	44.6237
1864	44.6237
1865	44.6237
1866	44.5338
1867	44.5635
1868	44.5635
1869	44.5635
1870	44.5635
1871	44.5216
1872	44.5216
1873	44.5216
1874	44.5216
1875	44.48
1876	44.5096
1877	44.5096
1878	44.5154
1879	44.545
1880	44.5745
1881	44.6039
1882	44.6039
1883	44.6039
1884	44.586
1885	44.586
1886	44.586
1887	44.5681
1888	44.5975
1889	44.5975
1890	44.6032
1891	44.6325
1892	44.6325
1893	44.6325
1894	44.6325
1895	44.6325
1896	44.6325
1897	44.6325
1898	44.6325
1899	44.6325
1900	44.4737
1901	44.5029
1902	44.5321
1903	44.5321
1904	44.5378
1905	44.5378
1906	44.5378
1907	44.5202
1908	44.5493
1909	44.5493
1910	44.555
1911	44.555
1912	44.5607
1913	44.5607
1914	44.5664
1915	44.5664
1916	44.572
1917	44.572
1918	44.5777
1919	44.5777
1920	44.5777
1921	44.5777
1922	44.5777
1923	44.5138
1924	44.5138
1925	44.5195
1926	44.5483
1927	44.5483
1928	44.5539
1929	44.5827
1930	44.5827
1931	44.5827
1932	44.5652
1933	44.5939
1934	44.6225
1935	44.6512
1936	44.6798
1937	44.6798
1938	44.6798
1939	44.6622
1940	44.6907
1941	44.7192
1942	44.7477
1943	44.7761
1944	44.8045
1945	44.8329
1946	44.8613
1947	44.8613
1948	44.8613
1949	44.8613
1950	44.8613
1951	44.8613
1952	44.7746
1953	44.8029
1954	44.8029
1955	44.8029
1956	44.8029
1957	44.8029
1958	44.8029
1959	44.7167
1960	44.7167
1961	44.7167
1962	44.6993
1963	44.7275
1964	44.7275
1965	44.7275
1966	44.7275
1967	44.6873
1968	44.6873
1969	44.6873
1970	44.6701
1971	44.6981
1972	44.6981
1973	44.6981
1974	44.6981
1975	44.6582
1976	44.6862
1977	44.6862
1978	44.6916
1979	44.6916
1980	44.6916
1981	44.6916
1982	44.6519
1983	44.6519
1984	44.6519
1985	44.6519
1986	44.6519
1987	44.5898
1988	44.6177
1989	44.6455
1990	44.6734
1991	44.6734
1992	44.6734
1993	44.6563
1994	44.6563
1995	44.6563
1996	44.6563
1997	44.6563
1998	44.6563
1999	44.5723
2000	44.6
2001	44.6277
2002	44.6553
2003	44.683
2004	44.7106
2005	44.7382
2006	44.7382
2007	44.7382
2008	44.7382
2009	44.6989
2010	44.7264
2011	44.7264
2012	44.7264
2013	44.7264
2014	44.6872
2015	44.7146
2016	44.7421
2017	44.7421
2018	44.7473
2019	44.7473
2020	44.7473
2021	44.7473
2022	44.7082
2023	44.7082
2024	44.7134
2025	44.7407
2026	44.7407
2027	44.7407
2028	44.7407
2029	44.7407
2030	44.7407
2031	44.7407
2032	44.7407
2033	44.7407
2034	44.5919
2035	44.5919
2036	44.5972
2037	44.5972
2038	44.5972
2039	44.5972
2040	44.5972
2041	44.5972
2042	44.5972
2043	44.5972
2044	44.4716
2045	44.4716
2046	44.477
2047	44.477
2048	44.4824
2049	44.5095
2050	44.5095
2051	44.5149
2052	44.5419
2053	44.5689
2054	44.5689
2055	44.5742
2056	44.5742
2057	44.5742
2058	44.5742
2059	44.5742
2060	44.5146
2061	44.5146
2062	44.5199
2063	44.5199
2064	44.5252
2065	44.5521
2066	44.5521
2067	44.5573
2068	44.5573
2069	44.5573
2070	44.5573
2071	44.5573
2072	44.5573
2073	44.5573
2074	44.4552
2075	44.4552
2076	44.4552
2077	44.4552
2078	44.4177
2079	44.4444
2080	44.4444
2081	44.4498
2082	44.4765
2083	44.4765
2084	44.4765
2085	44.4765
2086	44.4765
2087	44.4178
2088	44.4444
2089	44.4444
2090	44.4498
2091	44.4763
2092	44.5029
2093	44.5294
2094	44.5559
2095	44.5559
2096	44.5559
2097	44.5559
2098	44.5559
2099	44.4974
2100	44.5238
2101	44.5238
2102	44.5238
2103	44.5078
2104	44.5078
2105	44.5131
2106	44.5394
2107	44.5394
2108	44.5446
2109	44.5446
2110	44.5446
2111	44.5287
2112	44.5549
2113	44.5549
2114	44.5601
2115	44.5863
2116	44.5863
2117	44.5914
2118	44.6176
2119	44.6437
2120	44.6698
2121	44.6959
2122	44.722
2123	44.722
2124	44.722
2125	44.7059
2126	44.7059
2127	44.7109
2128	44.7109
2129	44.7109
2130	44.7109
2131	44.7109
2132	44.7109
2133	44.7109
2134	44.6111
2135	44.6111
2136	44.6111
2137	44.6111
2138	44.5744
2139	44.6003
2140	44.6003
2141	44.6053
2142	44.6312
2143	44.657
2144	44.6828
2145	44.7086
2146	44.7086
2147	44.7136
2148	44.7136
2149	44.7136
2150	44.7136
2151	44.7136
2152	44.7136
2153	44.6354
2154	44.6611
2155	44.6868
2156	44.7124
2157	44.7381
2158	44.7637
2159	44.7637
2160	44.7685
2161	44.7941
2162	44.8196
2163	44.8451
2164	44.8451
2165	44.8499
2166	44.8753
2167	44.9008
2168	44.9008
2169	44.9008
2170	44.9008
2171	44.8641
2172	44.8641
2173	44.8641
2174	44.8482
2175	44.8736
2176	44.8736
2177	44.8783
2178	44.8783
2179	44.8783
2180	44.8624
2181	44.8624
2182	44.8671
2183	44.8923
2184	44.8923
2185	44.8923
2186	44.8765
2187	44.9017
2188	44.9017
2189	44.9017
2190	44.8858
2191	44.911
2192	44.9361
2193	44.9361
2194	44.9361
2195	44.9361
2196	44.9361
2197	44.8794
2198	44.8794
2199	44.8794
2200	44.8794
2201	44.8794
2202	44.8229
2203	44.8229
2204	44.8276
2205	44.8276
2206	44.8276
2207	44.812
2208	44.837
2209	44.8619
2210	44.8619
2211	44.8619
2212	44.8463
2213	44.8712
2214	44.8961
2215	44.8961
2216	44.9007
2217	44.9007
2218	44.9007
2219	44.8851
2220	44.9099
2221	44.9099
2222	44.9145
2223	44.9393
2224	44.9393
2225	44.9393
2226	44.9393
2227	44.9393
2228	44.9393
2229	44.9393
2230	44.9393
2231	44.9393
2232	44.8029
2233	44.8029
2234	44.8075
2235	44.8322
2236	44.8569
2237	44.8569
2238	44.8569
2239	44.8569
2240	44.8214
2241	44.8214
2242	44.8214
2243	44.8061
2244	44.8307
2245	44.8552
2246	44.8552
2247	44.8598
2248	44.8598
2249	44.8598
2250	44.8598
2251	44.8598
2252	44.8046
2253	44.8046
2254	44.8046
2255	44.7894
2256	44.8138
2257	44.8138
2258	44.8138
2259	44.8138
2260	44.7788
2261	44.8032
2262	44.8276
2263	44.8276
2264	44.8322
2265	44.8322
2266	44.8322
2267	44.8169
2268	44.8169
2269	44.8215
2270	44.8458
2271	44.8701
2272	44.8944
2273	44.9186
2274	44.9428
2275	44.967
2276	44.9912
2277	45.0154
2278	45.0154
2279	45.0154
2280	45
2281	45
2282	45
2283	45
2284	45
2285	44.9453
2286	44.9453
2287	44.9453
2288	44.9453
2289	44.9104
2290	44.9104
2291	44.9149
2292	44.9389
2293	44.9389
2294	44.9433
2295	44.9673
2296	44.9673
2297	44.9673
2298	44.9673
2299	44.9326
2300	44.9565
2301	44.9804
2302	44.9804
2303	44.9804
2304	44.9804
2305	44.9804
2306	44.9263
2307	44.9502
2308	44.9502
2309	44.9545
2310	44.9784
2311	44.9784
2312	44.9784
2313	44.9784
2314	44.9784
2315	44.9244
2316	44.9482
2317	44.9482
2318	44.9525
2319	44.9525
2320	44.9525
2321	44.9375
2322	44.9375
2323	44.9375
2324	44.9225
2325	44.9225
2326	44.9225
2327	44.9076
2328	44.9313
2329	44.9313
2330	44.9313
2331	44.9163
2332	44.94
2333	44.94
2334	44.94
2335	44.9251
2336	44.9486
2337	44.9486
2338	44.9529
2339	44.9765
2340	45
2341	45
2342	45.0043
2343	45.0277
2344	45.0512
2345	45.0512
2346	45.0554
2347	45.0554
2348	45.0554
2349	45.0404
2350	45.0404
2351	45.0447
2352	45.068
2353	45.0914
2354	45.1147
2355	45.1147
2356	45.1147
2357	45.1147
2358	45.0806
2359	45.0806
2360	45.0847
2361	45.0847
2362	45.0847
2363	45.0847
2364	45.0847
2365	45.0317
2366	45.0317
2367	45.0317
2368	45.0169
2369	45.0401
2370	45.0401
2371	45.0401
2372	45.0253
2373	45.0253
2374	45.0253
2375	45.0253
2376	45.0253
2377	44.9727
2378	44.9958
2379	44.9958
2380	44.9958
2381	44.9811
2382	45.0042
2383	45.0042
2384	45.0084
2385	45.0084
2386	45.0084
2387	44.9937
2388	45.0168
2389	45.0168
2390	45.0209
2391	45.0439
2392	45.0669
2393	45.0669
2394	45.0669
2395	45.0522
2396	45.0522
2397	45.0563
2398	45.0563
2399	45.0604
2400	45.0833
2401	45.1062
2402	45.1291
2403	45.1519
2404	45.1519
2405	45.1559
2406	45.1559
2407	45.1559
2408	45.1559
2409	45.1559
2410	45.1559
2411	45.085
2412	45.1078
2413	45.1078
2414	45.1078
2415	45.1078
2416	45.0745
2417	45.0972
2418	45.0972
2419	45.0972
2420	45.0972
2421	45.064
2422	45.064
2423	45.0681
2424	45.0908
2425	45.0908
2426	45.0948
2427	45.0948
2428	45.0948
2429	45.0948
2430	45.0948
2431	45.0948
2432	45.0247
2433	45.0247
2434	45.0247
2435	45.0103
2436	45.0328
2437	45.0328
2438	45.0369
2439	45.0595
2440	45.0595
2441	45.0635
2442	45.086
2443	45.086
2444	45.086
2445	45.086
2446	45.086
2447	45.0347
2448	45.0572
2449	45.0572
2450	45.0612
2451	45.0612
2452	45.0653
2453	45.0876
2454	45.0876
2455	45.0876
2456	45.0876
2457	45.0876
2458	45.0876
2459	45.0183
2460	45.0406
2461	45.0406
2462	45.0406
2463	45.0264
2464	45.0487
2465	45.071
2466	45.071
2467	45.075
2468	45.0972
2469	45.1195
2470	45.1195
2471	45.1234
2472	45.1456
2473	45.1456
2474	45.1496
2475	45.1717
2476	45.1717
2477	45.1756
2478	45.1977
2479	45.1977
2480	45.2016
2481	45.2016
2482	45.2016
2483	45.1873
2484	45.2093
2485	45.2093
2486	45.2093
2487	45.195
2488	45.217
2489	45.217
2490	45.2209
2491	45.2209
2492	45.2247
2493	45.2467
2494	45.2467
2495	45.2505
2496	45.2724
2497	45.2724
2498	45.2724
2499	45.2724
2500	45.24
2501	45.2619
2502	45.2619
2503	45.2619
2504	45.2476
2505	45.2476
2506	45.2514
2507	45.2732
2508	45.2951
2509	45.3169
2510	45.3386
2511	45.3604
2512	45.3604
2513	45.3604
2514	45.3604
2515	45.3604
2516	45.31
2517	45.31
2518	45.3137
2519	45.3137
2520	45.3137
2521	45.3137
2522	45.2815
2523	45.2815
2524	45.2815
2525	45.2815
2526	45.2815
2527	45.2815
2528	45.2136
2529	45.2136
2530	45.2174
2531	45.239
2532	45.239
2533	45.239
2534	45.239
2535	45.2071
2536	45.2071
2537	45.2071
2538	45.2071
2539	45.2071
2540	45.2071
2541	45.2071
2542	45.122
2543	45.1435
2544	45.1435
2545	45.1435
2546	45.1296
2547	45.1296
2548	45.1334
2549	45.155
2550	45.155
2551	45.1588
2552	45.1588
2553	45.1588
2554	45.1588
2555	45.1272
2556	45.1272
2557	45.131
2558	45.131
2559	45.131
2560	45.131
2561	45.0996
2562	45.0996
2563	45.1034
2564	45.1034
2565	45.1034
2566	45.1034
2567	45.0721
2568	45.0935
2569	45.1148
2570	45.1362
2571	45.1362
2572	45.14
2573	45.14
2574	45.14
2575	45.1262
2576	45.1475
2577	45.1475
2578	45.1475
2579	45.1475
2580	45.1475
2581	45.1475
2582	45.0813
2583	45.0813
2584	45.0851
2585	45.0851
2586	45.0889
2587	45.0889
2588	45.0927
2589	45.0927
2590	45.0927
2591	45.0927
2592	45.0927
2593	45.0927
2594	45.027
2595	45.027
2596	45.0308
2597	45.0308
2598	45.0308
2599	45.0308
2600	45
2601	45.0211
2602	45.0211
2603	45.025
2604	45.0461
2605	45.0672
2606	45.0672
2607	45.0672
2608	45.0672
2609	45.0364
2610	45.0364
2611	45.0402
2612	45.0402
2613	45.044
2614	45.065
2615	45.086
2616	45.107
2617	45.128
2618	45.128
2619	45.1317
2620	45.1317
2621	45.1317
2622	45.1182
2623	45.1182
2624	45.122
2625	45.1429
2626	45.1637
2627	45.1846
2628	45.1846
2629	45.1883
2630	45.1883
2631	45.1883
2632	45.1883
2633	45.1883
2634	45.1405
2635	45.1613
2636	45.1613
2637	45.1613
2638	45.1613
2639	45.1307
2640	45.1307
2641	45.1344
2642	45.1552
2643	45.1552
2644	45.1589
2645	45.1796
2646	45.1796
2647	45.1796
2648	45.1796
2649	45.1796
2650	45.1796
2651	45.1151
2652	45.1357
2653	45.1357
2654	45.1394
2655	45.1394
2656	45.1394
2657	45.1394
2658	45.1394
2659	45.1394
2660	45.0752
2661	45.0752
2662	45.0789
2663	45.0789
2664	45.0789
2665	45.0657
2666	45.0863
2667	45.0863
2668	45.0863
2669	45.0731
2670	45.0936
2671	45.0936
2672	45.0936
2673	45.0936
2674	45.0936
2675	45.0467
2676	45.0467
2677	45.0467
2678	45.0336
2679	45.0336
2680	45.0373
2681	45.0373
2682	45.0373
2683	45.0242
2684	45.0447
2685	45.0447
2686	45.0484
2687	45.0484
2688	45.0521
2689	45.0521
2690	45.0521
2691	45.039
2692	45.039
2693	45.0427
2694	45.0631
2695	45.0631
2696	45.0668
2697	45.0871
2698	45.1075
2699	45.1278
2700	45.1278
2701	45.1278
2702	45.1147
2703	45.135
2704	45.1553
2705	45.1553
2706	45.1589
2707	45.1589
2708	45.1589
2709	45.1589
2710	45.1589
2711	45.1589
2712	45.1589
2713	45.0792
2714	45.0995
2715	45.0995
2716	45.0995
2717	45.0995
2718	45.0995
2719	45.0533
2720	45.0533
2721	45.057
2722	45.0771
2723	45.0771
2724	45.0771
2725	45.0771
2726	45.0477
2727	45.0477
2728	45.0477
2729	45.0477
2730	45.0183
2731	45.0384
2732	45.0384
2733	45.0384
2734	45.0256
2735	45.0457
2736	45.0457
2737	45.0457
2738	45.0329
2739	45.0329
2740	45.0365
2741	45.0565
2742	45.0565
2743	45.0602
2744	45.0802
2745	45.0802
2746	45.0802
2747	45.0802
2748	45.0509
2749	45.0709
2750	45.0909
2751	45.0909
2752	45.0945
2753	45.0945
2754	45.0945
2755	45.0945
2756	45.0945
2757	45.0945
2758	45.0326
2759	45.0526
2760	45.0725
2761	45.0924
2762	45.1122
2763	45.1122
2764	45.1122
2765	45.1122
2766	45.1122
2767	45.0669
2768	45.0867
2769	45.0867
2770	45.0867
2771	45.0867
2772	45.0577
2773	45.0577
2774	45.0613
2775	45.0613
2776	45.0613
2777	45.0486
2778	45.0684
2779	45.0684
2780	45.0719
2781	45.0719
2782	45.0719
2783	45.0719
2784	45.0431
2785	45.0628
2786	45.0826
2787	45.1023
2788	45.1023
2789	45.1058
2790	45.1254
2791	45.1254
2792	45.1289
2793	45.1289
2794	45.1324
2795	45.1324
2796	45.1324
2797	45.1324
2798	45.1324
2799	45.1324
2800	45.1324
2801	45.1324
2802	45.0393
2803	45.0589
2804	45.0589
2805	45.0589
2806	45.0589
2807	45.0303
2808	45.0303
2809	45.0338
2810	45.0534
2811	45.0534
2812	45.0534
2813	45.0534
2814	45.0534
2815	45.0089
2816	45.0089
2817	45.0089
2818	45.0089
2819	44.9805
2820	44.9805
2821	44.9805
2822	44.9805
2823	44.9805
2824	44.9363
2825	44.9363
2826	44.9398
2827	44.9398
2828	44.9434
2829	44.9629
2830	44.9823
2831	44.9823
2832	44.9823
2833	44.97
2834	44.9894
2835	44.9894
2836	44.9894
2837	44.9894
2838	44.9612
2839	44.9612
2840	44.9648
2841	44.9842
2842	44.9842
2843	44.9877
2844	44.9877
2845	44.9912
2846	45.0105
2847	45.0105
2848	45.0105
2849	44.9982
2850	44.9982
2851	45.0018
2852	45.0018
2853	45.0018
2854	45.0018
2855	44.9737
2856	44.9737
2857	44.9737
2858	44.9615
2859	44.9615
2860	44.9615
2861	44.9493
2862	44.9493
2863	44.9528
2864	44.9721
2865	44.9721
2866	44.9721
2867	44.9721
2868	44.9442
2869	44.9634
2870	44.9826
2871	44.9826
2872	44.9861
2873	44.9861
2874	44.9861
2875	44.9861
2876	44.9583
2877	44.9583
2878	44.9618
2879	44.9809
2880	45
2881	45.0191
2882	45.0191
2883	45.0191
2884	45.0191
2885	44.9913
2886	45.0104
2887	45.0294
2888	45.0294
2889	45.0329
2890	45.0329
2891	45.0329
2892	45.0207
2893	45.0207
2894	45.0242
2895	45.0242
2896	45.0242
2897	45.0242
2898	45.0242
2899	45.0242
2900	44.9655
2901	44.9845
2902	45.0034
2903	45.0224
2904	45.0413
2905	45.0413
2906	45.0413
2907	45.0292
2908	45.0292
2909	45.0327
2910	45.0515
2911	45.0515
2912	45.0515
2913	45.0515
2914	45.024
2915	45.0429
2916	45.0429
2917	45.0429
2918	45.0429
2919	45.0429
2920	45.0429
2921	45.0429
2922	44.9692
2923	44.9692
2924	44.9692
2925	44.9692
2926	44.9692
2927	44.9265
2928	44.9265
2929	44.93
2930	44.9488
2931	44.9488
2932	44.9523
2933	44.9523
2934	44.9557
2935	44.9557
2936	44.9591
2937	44.9591
2938	44.9591
2939	44.9473
2940	44.966
2941	44.966
2942	44.9694
2943	44.9881
2944	44.9881
2945	44.9881
2946	44.9762
2947	44.9762
2948	44.9796
2949	44.9983
2950	44.9983
2951	45.0017
2952	45.0017
2953	45.0051
2954	45.0237
2955	45.0237
2956	45.0237
2957	45.0118
2958	45.0118
2959	45.0118
2960	45.0118
2961	45.0118
2962	45.0118
2963	45.0118
2964	45.0118
2965	45.0118
2966	44.909
2967	44.909
2968	44.909
2969	44.8973
2970	44.9158
2971	44.9158
2972	44.9158
2973	44.9158
2974	44.9158
2975	44.874
2976	44.874
2977	44.874
2978	44.874
2979	44.874
2980	44.874
2981	44.8172
2982	44.8357
2983	44.8357
2984	44.8391
2985	44.8391
2986	44.8391
2987	44.8276
2988	44.8461
2989	44.8645
2990	44.8829
2991	44.8829
2992	44.8829
2993	44.8829
2994	44.8564
2995	44.8564
2996	44.8564
2997	44.8448
2998	44.8632
2999	44.8632
3000	44.8632
3001	44.8517
3002	44.8517
3003	44.8517
3004	44.8517
3005	44.8517
3006	44.8517
3007	44.7955
3008	44.7955
3009	44.7989
3010	44.8173
3011	44.8173
3012	44.8173
3013	44.8173
3014	44.791
3015	44.791
3016	44.7944
3017	44.8127
3018	44.831
3019	44.831
3020	44.831
3021	44.831
3022	44.831
3023	44.7899
3024	44.8082
3025	44.8082
3026	44.8116
3027	44.8116
3028	44.8116
3029	44.8003
3030	44.8185
3031	44.8185
3032	44.8185
3033	44.8185
3034	44.8185
3035	44.7776
3036	44.7958
3037	44.814
3038	44.814
3039	44.8174
3040	44.8174
3041	44.8174
3042	44.8174
3043	44.8174
3044	44.8174
3045	44.8174
3046	44.7472
3047	44.7472
3048	44.7507
3049	44.7507
3050	44.7507
3051	44.7394
3052	44.7575
3053	44.7575
3054	44.7575
3055	44.7575
3056	44.7575
3057	44.7575
3058	44.7575
3059	44.6878
3060	44.7059
3061	44.7239
3062	44.7239
3063	44.7274
3064	44.7274
3065	44.7308
3066	44.7489
3067	44.7489
3068	44.7489
3069	44.7489
3070	44.7231
3071	44.7231
3072	44.7266
3073	44.7266
3074	44.73
3075	44.748
3076	44.7659
3077	44.7659
3078	44.7693
3079	44.7873
3080	44.8052
3081	44.8052
3082	44.8052
3083	44.8052
3084	44.8052
3085	44.765
3086	44.765
3087	44.765
3088	44.765
3089	44.7394
3090	44.7394
3091	44.7394
3092	44.7394
3093	44.7394
3094	44.6994
3095	44.6994
3096	44.6994
3097	44.6884
3098	44.7063
3099	44.7241
3100	44.7241
3101	44.7275
3102	44.7453
3103	44.7453
3104	44.7453
3105	44.7453
3106	44.7453
3107	44.7055
3108	44.7055
3109	44.7055
3110	44.6945
3111	44.7123
3112	44.7123
3113	44.7157
3114	44.7335
3115	44.7512
3116	44.7512
3117	44.7512
3118	44.7512
3119	44.7512
3120	44.7512
3121	44.7512
3122	44.7512
3123	44.7512
3124	44.6543
3125	44.672
3126	44.672
3127	44.672
3128	44.6611
3129	44.6788
3130	44.6788
3131	44.6788
3132	44.6679
3133	44.6679
3134	44.6679
3135	44.6679
3136	44.6679
3137	44.6679
3138	44.6679
3139	44.6002
3140	44.6178
3141	44.6355
3142	44.6355
3143	44.6355
3144	44.6247
3145	44.6247
3146	44.6281
3147	44.6281
3148	44.6281
3149	44.6281
3150	44.6032
3151	44.6032
3152	44.6066
3153	44.6066
3154	44.61
3155	44.6276
3156	44.6451
3157	44.6451
3158	44.6485
3159	44.6485
3160	44.6485
3161	44.6485
3162	44.6485
3163	44.6485
3164	44.6485
3165	44.6485
3166	44.6485
3167	44.5532
3168	44.5532
3169	44.5566
3170	44.5566
3171	44.5566
3172	44.5566
3173	44.532
3174	44.532
3175	44.5354
3176	44.5529
3177	44.5704
3178	44.5704
3179	44.5704
3180	44.5704
3181	44.5457
3182	44.5632
3183	44.5632
3184	44.5666
3185	44.584
3186	44.6014
3187	44.6014
3188	44.6048
3189	44.6048
3190	44.6048
3191	44.6048
3192	44.6048
3193	44.6048
3194	44.5523
3195	44.5696
3196	44.5696
3197	44.573
3198	44.5904
3199	44.5904
3200	44.5904
3201	44.5904
3202	44.5904
3203	44.552
3204	44.552
3205	44.5554
3206	44.5727
3207	44.59
3208	44.59
3209	44.59
3210	44.5794
3211	44.5794
3212	44.5828
3213	44.6001
3214	44.6173
3215	44.6173
3216	44.6173
3217	44.6173
3218	44.6173
3219	44.5791
3220	44.5791
3221	44.5791
3222	44.5686
3223	44.5686
3224	44.572
3225	44.572
3226	44.572
3227	44.572
3228	44.5477
3229	44.5477
3230	44.5511
3231	44.5511
3232	44.5511
3233	44.5511
3234	44.5269
3235	44.544
3236	44.5612
3237	44.5783
3238	44.5783
3239	44.5783
3240	44.5783
3241	44.5541
3242	44.5713
3243	44.5713
3244	44.5713
3245	44.5609
3246	44.5779
3247	44.595
3248	44.595
3249	44.595
3250	44.5846
3251	44.6017
3252	44.6017
3253	44.6017
3254	44.6017
3255	44.6017
3256	44.5639
3257	44.5809
3258	44.5809
3259	44.5842
3260	44.5842
3261	44.5842
3262	44.5739
3263	44.5909
3264	44.5909
3265	44.5909
3266	44.5909
3267	44.5909
3268	44.5532
3269	44.5702
3270	44.5872
3271	44.6041
3272	44.6041
3273	44.6041
3274	44.5938
3275	44.5938
3276	44.5938
3277	44.5835
3278	44.6004
3279	44.6004
3280	44.6037
3281	44.6037
3282	44.6037
3283	44.5934
3284	44.6102
3285	44.6102
3286	44.6102
3287	44.5999
3288	44.5999
3289	44.6032
3290	44.6032
3291	44.6032
3292	44.6032
3293	44.5794
3294	44.5794
3295	44.5827
3296	44.5827
3297	44.586
3298	44.586
3299	44.586
3300	44.586
3301	44.586
3302	44.5488
3303	44.5655
3304	44.5655
3305	44.5655
3306	44.5655
3307	44.5419
3308	44.5586
3309	44.5586
3310	44.5619
3311	44.5787
3312	44.5954
3313	44.6121
3314	44.6288
3315	44.6288
3316	44.6288
3317	44.6186
3318	44.6186
3319	44.6219
3320	44.6219
3321	44.6219
3322	44.6117
3323	44.6283
3324	44.6283
3325	44.6283
3326	44.6283
3327	44.6283
3328	44.6283
3329	44.5779
3330	44.5946
3331	44.5946
3332	44.5978
3333	44.5978
3334	44.5978
3335	44.5978
3336	44.5978
3337	44.561
3338	44.561
3339	44.561
3340	44.561
3341	44.5376
3342	44.5376
3343	44.5376
3344	44.5275
3345	44.5275
3346	44.5308
3347	44.5474
3348	44.5639
3349	44.5805
3350	44.597
3351	44.597
3352	44.597
3353	44.597
3354	44.597
3355	44.5604
3356	44.5769
3357	44.5934
3358	44.5934
3359	44.5966
3360	44.6131
3361	44.6131
3362	44.6131
3363	44.603
3364	44.603
3365	44.6062
3366	44.6062
3367	44.6094
3368	44.6259
3369	44.6259
3370	44.6259
3371	44.6158
3372	44.6323
3373	44.6323
3374	44.6354
3375	44.6354
3376	44.6354
3377	44.6254
3378	44.6254
3379	44.6286
3380	44.6286
3381	44.6286
3382	44.6286
3383	44.6054
3384	44.6054
3385	44.6054
3386	44.6054
3387	44.5822
3388	44.5822
3389	44.5854
3390	44.5854
3391	44.5854
3392	44.5854
3393	44.5623
3394	44.5623
3395	44.5655
3396	44.5655
3397	44.5687
3398	44.5687
3399	44.5687
3400	44.5588
3401	44.5588
3402	44.5588
3403	44.5588
3404	44.5588
3405	44.5588
3406	44.5097
3407	44.526
3408	44.526
3409	44.526
3410	44.5161
3411	44.5161
3412	44.5161
3413	44.5161
3414	44.5161
3415	44.4802
3416	44.4965
3417	44.5127
3418	44.5127
3419	44.5159
3420	44.5159
3421	44.5159
3422	44.5159
3423	44.4931
3424	44.5093
3425	44.5093
3426	44.5093
3427	44.4996
3428	44.4996
3429	44.4996
3430	44.4996
3431	44.4768
3432	44.4768
3433	44.48
3434	44.4962
3435	44.4962
3436	44.4994
3437	44.5156
3438	44.5317
3439	44.5478
3440	44.564
3441	44.564
3442	44.564
3443	44.5542
3444	44.5542
3445	44.5542
3446	44.5444
3447	44.5444
3448	44.5444
3449	44.5444
3450	44.5444
3451	44.5444
3452	44.5444
3453	44.5444
3454	44.5444
3455	44.5444
3456	44.5444
3457	44.4316
3458	44.4316
3459	44.4348
3460	44.4348
3461	44.4348
3462	44.4348
3463	44.4348
3464	44.3995
3465	44.3995
3466	44.4028
3467	44.4188
3468	44.4188
3469	44.422
3470	44.438
3471	44.454
3472	44.47
3473	44.486
3474	44.502
3475	44.518
3476	44.5339
3477	44.5339
3478	44.5339
3479	44.5243
3480	44.5402
3481	44.5562
3482	44.5721
3483	44.5721
3484	44.5752
3485	44.5911
3486	44.5911
3487	44.5911
3488	44.5911
3489	44.5911
3490	44.5911
3491	44.5911
3492	44.5304
3493	44.5462
3494	44.5462
3495	44.5462
3496	44.5462
3497	44.5462
3498	44.5462
3499	44.5462
3500	44.4857
3501	44.4857
3502	44.4889
3503	44.4889
3504	44.4889
3505	44.4793
3506	44.4952
3507	44.4952
3508	44.4983
3509	44.4983
3510	44.4983
3511	44.4888
3512	44.4888
3513	44.4919
3514	44.5077
3515	44.5235
3516	44.5235
3517	44.5235
3518	44.5235
3519	44.5013
3520	44.517
3521	44.5328
3522	44.5328
3523	44.5359
3524	44.5359
3525	44.5359
3526	44.5359
3527	44.5359
3528	44.5011
3529	44.5169
3530	44.5326
3531	44.5483
3532	44.564
3533	44.564
3534	44.564
3535	44.5545
3536	44.5701
3537	44.5701
3538	44.5732
3539	44.5889
3540	44.6045
3541	44.6045
3542	44.6076
3543	44.6232
3544	44.6232
3545	44.6262
3546	44.6262
3547	44.6262
3548	44.6167
3549	44.6323
3550	44.6479
3551	44.6635
3552	44.6791
3553	44.6791
3554	44.682
3555	44.682
3556	44.682
3557	44.682
3558	44.682
3559	44.6474
3560	44.6629
3561	44.6629
3562	44.6629
3563	44.6629
3564	44.6629
3565	44.6629
3566	44.6158
3567	44.6313
3568	44.6469
3569	44.6624
3570	44.6624
3571	44.6624
3572	44.6529
3573	44.6529
3574	44.6558
3575	44.6558
3576	44.6558
3577	44.6558
3578	44.6558
3579	44.6558
3580	44.6558
3581	44.6558
3582	44.6558
3583	44.5716
3584	44.5871
3585	44.6025
3586	44.618
3587	44.618
3588	44.618
3589	44.618
3590	44.618
3591	44.618
3592	44.5713
3593	44.5713
3594	44.5713
3595	44.5713
3596	44.5495
3597	44.5649
3598	44.5649
3599	44.5649
3600	44.5649
3601	44.5649
3602	44.5649
3603	44.5649
3604	44.5061
3605	44.5215
3606	44.5215
3607	44.5215
3608	44.5122
3609	44.5122
3610	44.5152
3611	44.5152
3612	44.5183
3613	44.5183
3614	44.5183
3615	44.509
3616	44.509
3617	44.509
3618	44.4997
3619	44.4997
3620	44.4997
3621	44.4997
3622	44.4782
3623	44.4935
3624	44.4935
3625	44.4966
3626	44.5119
3627	44.5119
3628	44.5149
3629	44.5302
3630	44.5455
3631	44.5607
3632	44.5607
3633	44.5637
3634	44.579
3635	44.579
3636	44.582
3637	44.582
3638	44.582
3639	44.582
3640	44.5604
3641	44.5604
3642	44.5604
3643	44.5604
3644	44.5604
3645	44.5267
3646	44.542
3647	44.5572
3648	44.5724
3649	44.5724
3650	44.5724
3651	44.5631
3652	44.5631
3653	44.5661
3654	44.5813
3655	44.5964
3656	44.5964
3657	44.5964
3658	44.5964
3659	44.575
3660	44.5902
3661	44.5902
3662	44.5902
3663	44.5902
3664	44.5902
3665	44.5566
3666	44.5566
3667	44.5596
3668	44.5747
3669	44.5898
3670	44.5898
3671	44.5898
3672	44.5898
3673	44.5685
3674	44.5685
3675	44.5685
3676	44.5593
3677	44.5593
3678	44.5593
3679	44.5593
3680	44.538
3681	44.5531
3682	44.5531
3683	44.5531
3684	44.5531
3685	44.5319
3686	44.5469
3687	44.562
3688	44.562
3689	44.5649
3690	44.5649
3691	44.5679
3692	44.5829
3693	44.5979
3694	44.5979
3695	44.6008
3696	44.6008
3697	44.6008
3698	44.5917
3699	44.6067
3700	44.6067
3701	44.6096
3702	44.6096
3703	44.6096
3704	44.6004
3705	44.6154
3706	44.6154
3707	44.6154
3708	44.6063
3709	44.6212
3710	44.6212
3711	44.6212
3712	44.6212
3713	44.6212
3714	44.6212
3715	44.576
3716	44.591
3717	44.591
3718	44.591
3719	44.591
3720	44.591
3721	44.591
3722	44.5459
3723	44.5459
3724	44.5489
3725	44.5489
3726	44.5518
3727	44.5518
3728	44.5547
3729	44.5547
3730	44.5576
3731	44.5576
3732	44.5606
3733	44.5754
3734	44.5754
3735	44.5754
3736	44.5664
3737	44.5812
3738	44.596
3739	44.596
3740	44.5989
3741	44.5989
3742	44.6018
3743	44.6166
3744	44.6166
3745	44.6195
3746	44.6343
3747	44.6491
3748	44.6491
3749	44.6491
3750	44.6491
3751	44.6491
3752	44.6162
3753	44.6162
3754	44.6191
3755	44.6338
3756	44.6486
3757	44.6633
3758	44.6633
3759	44.6633
3760	44.6633
3761	44.6633
3762	44.6633
3763	44.6633
3764	44.6068
3765	44.6068
3766	44.6068
3767	44.6068
3768	44.6068
3769	44.6068
3770	44.5623
3771	44.577
3772	44.5917
3773	44.5917
3774	44.5917
3775	44.5917
3776	44.571
3777	44.5857
3778	44.5857
3779	44.5857
3780	44.5857
3781	44.5649
3782	44.5796
3783	44.5942
3784	44.5942
3785	44.5971
3786	44.5971
3787	44.5999
3788	44.5999
3789	44.5999
3790	44.5999
3791	44.5999
3792	44.5999
3793	44.5999
3794	44.544
3795	44.5586
3796	44.5586
3797	44.5615
3798	44.5615
3799	44.5615
3800	44.5615
3801	44.5615
3802	44.5615
3803	44.5175
3804	44.5321
3805	44.5321
3806	44.5349
3807	44.5495
3808	44.5495
3809	44.5495
3810	44.5495
3811	44.529
3812	44.5435
3813	44.5435
3814	44.5435
3815	44.5347
3816	44.5347
3817	44.5347
3818	44.5259
3819	44.5405
3820	44.5405
3821	44.5433
3822	44.5578
3823	44.5723
3824	44.5868
3825	44.5868
3826	44.5896
3827	44.6041
3828	44.6186
3829	44.6186
3830	44.6214
3831	44.6359
3832	44.6503
3833	44.6503
3834	44.6503
3835	44.6415
3836	44.6559
3837	44.6703
3838	44.6703
3839	44.6703
3840	44.6703
3841	44.6703
3842	44.6382
3843	44.6382
3844	44.6382
3845	44.6382
3846	44.6178
3847	44.6178
3848	44.6206
3849	44.6206
3850	44.6234
3851	44.6378
3852	44.6521
3853	44.6665
3854	44.6809
3855	44.6809
3856	44.6836
3857	44.6836
3858	44.6864
3859	44.7007
3860	44.7007
3861	44.7007
3862	44.7007
3863	44.6803
3864	44.6803
3865	44.6831
3866	44.6831
3867	44.6831
3868	44.6831
3869	44.6831
3870	44.6831
3871	44.6831
3872	44.6831
3873	44.6166
3874	44.6166
3875	44.6194
3876	44.6194
3877	44.6221
3878	44.6364
3879	44.6507
3880	44.6507
3881	44.6534
3882	44.6534
3883	44.6562
3884	44.6562
3885	44.6562
3886	44.6562
3887	44.636
3888	44.6502
3889	44.6502
3890	44.6502
3891	44.6415
3892	44.6415
3893	44.6442
3894	44.6584
3895	44.6584
3896	44.6584
3897	44.6584
3898	44.6584
3899	44.6268
3900	44.641
3901	44.6552
3902	44.6694
3903	44.6836
3904	44.6836
3905	44.6863
3906	44.6863
3907	44.6863
3908	44.6776
3909	44.6776
3910	44.6776
3911	44.6776
3912	44.6776
3913	44.6461
3914	44.6602
3915	44.6602
3916	44.6602
3917	44.6515
3918	44.6656
3919	44.6798
3920	44.6939
3921	44.6939
3922	44.6966
3923	44.7107
3924	44.7107
3925	44.7134
3926	44.7134
3927	44.7134
3928	44.7134
3929	44.7134
3930	44.7134
3931	44.6706
3932	44.6846
3933	44.6987
3934	44.7128
3935	44.7128
3936	44.7154
3937	44.7154
3938	44.7181
3939	44.7181
3940	44.7181
3941	44.7095
3942	44.7235
3943	44.7235
3944	44.7235
3945	44.7148
3946	44.7148
3947	44.7175
3948	44.7315
3949	44.7315
3950	44.7315
3951	44.7229
3952	44.7368
3953	44.7508
3954	44.7508
3955	44.7508
3956	44.7422
3957	44.7422
3958	44.7448
3959	44.7588
3960	44.7727
3961	44.7727
3962	44.7727
3963	44.7727
3964	44.7727
3965	44.7727
3966	44.7727
3967	44.7727
3968	44.7077
3969	44.7216
3970	44.7216
3971	44.7243
3972	44.7382
3973	44.7382
3974	44.7408
3975	44.7547
3976	44.7686
3977	44.7825
3978	44.7825
3979	44.7825
3980	44.7739
3981	44.7877
3982	44.8016
3983	44.8016
3984	44.8016
3985	44.8016
3986	44.7817
3987	44.7956
3988	44.8094
3989	44.8233
3990	44.8371
3991	44.8509
3992	44.8647
3993	44.8647
3994	44.8673
3995	44.8673
3996	44.8673
3997	44.8673
3998	44.8673
3999	44.8673
4000	44.8673
4001	44.8673
4002	44.8026
4003	44.8164
4004	44.8164
4005	44.8164
4006	44.8078
4007	44.8216
4008	44.8216
4009	44.8216
4010	44.8216
4011	44.8216
4012	44.8216
4013	44.8216
4014	44.7683
4015	44.7821
4016	44.7821
4017	44.7847
4018	44.7984
4019	44.8121
4020	44.8259
4021	44.8259
4022	44.8259
4023	44.8259
4024	44.8259
4025	44.795
4026	44.8087
4027	44.8087
4028	44.8087
4029	44.8087
4030	44.7891
4031	44.7891
4032	44.7917
4033	44.7917
4034	44.7917
4035	44.7917
4036	44.7721
4037	44.7857
4038	44.7994
4039	44.8131
4040	44.8131
4041	44.8131
4042	44.8046
4043	44.8182
4044	44.8318
4045	44.8318
4046	44.8344
4047	44.8344
4048	44.8344
4049	44.8259
4050	44.8395
4051	44.8531
4052	44.8531
4053	44.8531
4054	44.8446
4055	44.8446
4056	44.8471
4057	44.8607
4058	44.8743
4059	44.8743
4060	44.8768
4061	44.8904
4062	44.8904
4063	44.8929
4064	44.9065
4065	44.92
4066	44.92
4067	44.92
4068	44.92
4069	44.92
4070	44.92
4071	44.8784
4072	44.8784
4073	44.8809
4074	44.8945
4075	44.8945
4076	44.8945
4077	44.8859
4078	44.8859
4079	44.8885
4080	44.902
4081	44.902
4082	44.902
4083	44.8935
4084	44.907
4085	44.907
4086	44.907
4087	44.8985
4088	44.8985
4089	44.901
4090	44.9144
4091	44.9279
4092	44.9413
4093	44.9413
4094	44.9438
4095	44.9438
4096	44.9438
4097	44.9353
4098	44.9353
4099	44.9353
4100	44.9268
4101	44.9403
4102	44.9403
4103	44.9403
4104	44.9403
4105	44.9403
4106	44.9099
4107	44.9233
4108	44.9233
4109	44.9258
4110	44.9258
4111	44.9282
4112	44.9416
4113	44.955
4114	44.9684
4115	44.9818
4116	44.9818
4117	44.9818
4118	44.9818
4119	44.9818
4120	44.9818
4121	44.9405
4122	44.9539
4123	44.9539
4124	44.9539
4125	44.9455
4126	44.9588
4127	44.9588
4128	44.9612
4129	44.9612
4130	44.9612
4131	44.9612
4132	44.9612
4133	44.9612
4134	44.9612
4135	44.9093
4136	44.9226
4137	44.9359
4138	44.9359
4139	44.9384
4140	44.9384
4141	44.9384
4142	44.93
4143	44.9433
4144	44.9433
4145	44.9433
4146	44.9433
4147	44.924
4148	44.924
4149	44.924
4150	44.924
4151	44.9048
4152	44.9048
4153	44.9073
4154	44.9206
4155	44.9338
4156	44.9338
4157	44.9338
4158	44.9338
4159	44.9338
4160	44.9338
4161	44.9338
4162	44.8823
4163	44.8955
4164	44.8955
4165	44.8955
4166	44.8955
4167	44.8955
4168	44.8656
4169	44.8656
4170	44.8656
4171	44.8656
4172	44.8656
4173	44.8656
4174	44.8251
4175	44.8251
4176	44.8276
4177	44.8276
4178	44.8301
4179	44.8301
4180	44.8301
4181	44.8301
4182	44.8301
4183	44.8004
4184	44.8136
4185	44.8136
4186	44.8161
4187	44.8292
4188	44.8292
4189	44.8292
4190	44.821
4191	44.8342
4192	44.8342
4193	44.8366
4194	44.8498
4195	44.8498
4196	44.8498
4197	44.8498
4198	44.8498
4199	44.8202
4200	44.8333
4201	44.8333
4202	44.8358
4203	44.8358
4204	44.8358
4205	44.8276
4206	44.8407
4207	44.8407
4208	44.8432
4209	44.8563
4210	44.8563
4211	44.8563
4212	44.8563
4213	44.8563
4214	44.8268
4215	44.8268
4216	44.8268
4217	44.8268
4218	44.808
4219	44.821
4220	44.821
4221	44.821
4222	44.8129
4223	44.8129
4224	44.8129
4225	44.8047
4226	44.8047
4227	44.8072
4228	44.8072
4229	44.8096
4230	44.8096
4231	44.8096
4232	44.8096
4233	44.8096
4234	44.8096
4235	44.8096
4236	44.7592
4237	44.7722
4238	44.7722
4239	44.7722
4240	44.7642
4241	44.7772
4242	44.7772
4243	44.7796
4244	44.7796
4245	44.7821
4246	44.7951
4247	44.8081
4248	44.8081
4249	44.8081
4250	44.8
4251	44.8
4252	44.8
4253	44.7919
4254	44.8049
4255	44.8179
4256	44.8179
4257	44.8179
4258	44.8098
4259	44.8098
4260	44.8098
4261	44.8017
4262	44.8146
4263	44.8146
4264	44.8171
4265	44.8171
4266	44.8171
4267	44.809
4268	44.809
4269	44.8114
4270	44.8114
4271	44.8114
4272	44.8114
4273	44.7929
4274	44.7929
4275	44.7953
4276	44.7953
4277	44.7953
4278	44.7953
4279	44.7768
4280	44.7768
4281	44.7793
4282	44.7922
4283	44.805
4284	44.8179
4285	44.8308
4286	44.8308
4287	44.8308
4288	44.8228
4289	44.8228
4290	44.8228
4291	44.8147
4292	44.8276
4293	44.8404
4294	44.8533
4295	44.8533
4296	44.8533
4297	44.8452
4298	44.8452
4299	44.8452
4300	44.8452
4301	44.8452
4302	44.8452
4303	44.806
4304	44.8188
4305	44.8188
4306	44.8212
4307	44.8212
4308	44.8236
4309	44.8236
4310	44.8236
4311	44.8236
4312	44.8052
4313	44.8052
4314	44.8076
4315	44.8076
4316	44.8076
4317	44.8076
4318	44.8076
4319	44.7789
4320	44.7789
4321	44.7813
4322	44.7813
4323	44.7837
4324	44.7965
4325	44.7965
4326	44.7989
4327	44.8116
4328	44.8244
4329	44.8244
4330	44.8268
4331	44.8268
4332	44.8292
4333	44.8419
4334	44.8419
4335	44.8419
4336	44.8419
4337	44.8419
4338	44.8419
4339	44.803
4340	44.8157
4341	44.8157
4342	44.8157
4343	44.8077
4344	44.8077
4345	44.8077
4346	44.8077
4347	44.7895
4348	44.8022
4349	44.8022
4350	44.8022
4351	44.7943
4352	44.807
4353	44.807
4354	44.8094
4355	44.822
4356	44.8347
4357	44.8347
4358	44.8347
4359	44.8347
4360	44.8165
4361	44.8292
4362	44.8292
4363	44.8315
4364	44.8442
4365	44.8568
4366	44.8694
4367	44.8694
4368	44.8718
4369	44.8844
4370	44.897
4371	44.9096
4372	44.9222
4373	44.9222
4374	44.9222
4375	44.9143
4376	44.9143
4377	44.9143
4378	44.9063
4379	44.9189
4380	44.9189
4381	44.9212
4382	44.9212
4383	44.9212
4384	44.9212
4385	44.9212
4386	44.9212
4387	44.8826
4388	44.8826
4389	44.8826
4390	44.8747
4391	44.8873
4392	44.8873
4393	44.8896
4394	44.8896
4395	44.8896
4396	44.8817
4397	44.8942
4398	44.9068
4399	44.9068
4400	44.9068
4401	44.9068
4402	44.9068
4403	44.9068
4404	44.8683
4405	44.8683
4406	44.8706
4407	44.8706
4408	44.873
4409	44.873
4410	44.873
4411	44.8651
4412	44.8651
4413	44.8674
4414	44.8674
4415	44.8674
4416	44.8674
4417	44.8494
4418	44.8494
4419	44.8518
4420	44.8643
4421	44.8767
4422	44.8767
4423	44.879
4424	44.8915
4425	44.904
4426	44.904
4427	44.904
4428	44.904
4429	44.904
4430	44.8758
4431	44.8758
4432	44.8758
4433	44.8758
4434	44.8579
4435	44.8579
4436	44.8602
4437	44.8602
4438	44.8602
4439	44.8524
4440	44.8649
4441	44.8773
4442	44.8897
4443	44.8897
4444	44.892
4445	44.9044
4446	44.9044
4447	44.9044
4448	44.9044
4449	44.9044
4450	44.8764
4451	44.8888
4452	44.9012
4453	44.9135
4454	44.9259
4455	44.9383
4456	44.9506
4457	44.963
4458	44.963
4459	44.963
4460	44.9552
4461	44.9675
4462	44.9675
4463	44.9697
4464	44.9697
4465	44.972
4466	44.972
4467	44.9743
4468	44.9866
4469	44.9866
4470	44.9888
4471	44.9888
4472	44.9888
4473	44.9888
4474	44.9888
4475	44.9609
4476	44.9609
4477	44.9631
4478	44.9754
4479	44.9754
4480	44.9777
4481	44.9777
4482	44.9777
4483	44.9777
4484	44.9777
4485	44.9777
4486	44.9777
4487	44.9777
4488	44.9777
4489	44.9098
4490	44.9221
4491	44.9343
4492	44.9466
4493	44.9588
4494	44.9711
4495	44.9711
4496	44.9711
4497	44.9633
4498	44.9755
4499	44.9755
4500	44.9755
4501	44.9755
4502	44.9755
4503	44.9755
4504	44.9755
4505	44.9755
4506	44.9755
4507	44.9079
4508	44.9079
4509	44.9079
4510	44.9079
4511	44.8903
4512	44.9025
4513	44.9147
4514	44.9269
4515	44.9269
4516	44.9269
4517	44.9269
4518	44.9093
4519	44.9214
4520	44.9214
4521	44.9214
4522	44.9138
4523	44.9259
4524	44.9259
4525	44.9282
4526	44.9403
4527	44.9403
4528	44.9403
4529	44.9403
4530	44.9227
4531	44.9349
4532	44.947
4533	44.9592
4534	44.9713
4535	44.9713
4536	44.9735
4537	44.9735
4538	44.9758
4539	44.9758
4540	44.978
4541	44.978
4542	44.978
4543	44.9703
4544	44.9703
4545	44.9703
4546	44.9626
4547	44.9747
4548	44.9747
4549	44.9747
4550	44.967
4551	44.9791
4552	44.9912
4553	45.0033
4554	45.0154
4555	45.0154
4556	45.0176
4557	45.0176
4558	45.0176
4559	45.0176
4560	45.0176
4561	45.0176
4562	45.0176
4563	44.9704
4564	44.9825
4565	44.9945
4566	44.9945
4567	44.9945
4568	44.9945
4569	44.9945
4570	44.9672
4571	44.9672
4572	44.9672
4573	44.9672
4574	44.9672
4575	44.9672
4576	44.9672
4577	44.9672
4578	44.9672
4579	44.9672
4580	44.8908
4581	44.9029
4582	44.9149
4583	44.9269
4584	44.9269
4585	44.9291
4586	44.9411
4587	44.9411
4588	44.9433
4589	44.9553
4590	44.9673
4591	44.9673
4592	44.9695
4593	44.9815
4594	44.9935
4595	45.0054
4596	45.0054
4597	45.0054
4598	45.0054
4599	45.0054
4600	45.0054
4601	44.9685
4602	44.9804
4603	44.9924
4604	45.0043
4605	45.0163
4606	45.0163
4607	45.0185
4608	45.0185
4609	45.0185
4610	45.0185
4611	45.0185
4612	44.9913
4613	44.9913
4614	44.9913
4615	44.9837
4616	44.9957
4617	45.0076
4618	45.0195
4619	45.0195
4620	45.0195
4621	45.0195
4622	45.0195
4623	44.9924
4624	45.0043
4625	45.0043
4626	45.0043
4627	44.9968
4628	45.0086
4629	45.0205
4630	45.0205
4631	45.0227
4632	45.0227
4633	45.0227
4634	45.0151
4635	45.027
4636	45.0388
4637	45.0507
4638	45.0625
4639	45.0625
4640	45.0647
4641	45.0765
4642	45.0765
4643	45.0765
4644	45.0765
4645	45.0592
4646	45.0592
4647	45.0613
4648	45.0613
4649	45.0635
4650	45.0635
4651	45.0656
4652	45.0774
4653	45.0774
4654	45.0774
4655	45.0698
4656	45.0698
4657	45.0698
4658	45.0698
4659	45.0526
4660	45.0526
4661	45.0547
4662	45.0547
4663	45.0568
4664	45.0686
4665	45.0804
4666	45.0804
4667	45.0825
4668	45.0825
4669	45.0825
4670	45.0749
4671	45.0749
4672	45.0749
4673	45.0749
4674	45.0749
4675	45.0481
4676	45.0599
4677	45.0599
4678	45.062
4679	45.0737
4680	45.0855
4681	45.0855
4682	45.0876
4683	45.0876
4684	45.0876
4685	45.0876
4686	45.0876
4687	45.0876
4688	45.0876
4689	45.0876
4690	45.0876
4691	45.0224
4692	45.0341
4693	45.0341
4694	45.0362
4695	45.0479
4696	45.0596
4697	45.0713
4698	45.0713
4699	45.0713
4700	45.0638
4701	45.0755
4702	45.0755
4703	45.0776
4704	45.0776
4705	45.0797
4706	45.0797
4707	45.0797
4708	45.0722
4709	45.0722
4710	45.0722
4711	45.0722
4712	45.0722
4713	45.0456
4714	45.0456
4715	45.0477
4716	45.0477
4717	45.0477
4718	45.0477
4719	45.0477
4720	45.0212
4721	45.0328
4722	45.0328
4723	45.0328
4724	45.0328
4725	45.0328
4726	45.0328
4727	45.0328
4728	45.0328
4729	44.9778
4730	44.9894
4731	44.9894
4732	44.9894
4733	44.982
4734	44.982
4735	44.9842
4736	44.9958
4737	45.0074
4738	45.019
4739	45.0306
4740	45.0306
4741	45.0327
4742	45.0443
4743	45.0559
4744	45.0675
4745	45.079
4746	45.079
4747	45.0811
4748	45.0927
4749	45.0927
4750	45.0947
4751	45.1063
4752	45.1063
4753	45.1084
4754	45.1199
4755	45.1314
4756	45.143
4757	45.143
4758	45.145
4759	45.1565
4760	45.1681
4761	45.1796
4762	45.1796
4763	45.1796
4764	45.1721
4765	45.1836
4766	45.1951
4767	45.1951
4768	45.1971
4769	45.2086
4770	45.2086
4771	45.2086
4772	45.2012
4773	45.2012
4774	45.2012
4775	45.2012
4776	45.2012
4777	45.1748
4778	45.1863
4779	45.1977
4780	45.1977
4781	45.1977
4782	45.1903
4783	45.2018
4784	45.2132
4785	45.2132
4786	45.2132
4787	45.2132
4788	45.2132
4789	45.1869
4790	45.1983
4791	45.2098
4792	45.2212
4793	45.2326
4794	45.2326
4795	45.2346
4796	45.246
4797	45.246
4798	45.248
4799	45.248
4800	45.248
4801	45.248
4802	45.2312
4803	45.2426
4804	45.2426
4805	45.2426
4806	45.2426
4807	45.2257
4808	45.2257
4809	45.2257
4810	45.2183
4811	45.2297
4812	45.2297
4813	45.2317
4814	45.243
4815	45.243
4816	45.245
4817	45.245
4818	45.245
4819	45.2376
4820	45.2376
4821	45.2376
4822	45.2376
4823	45.2208
4824	45.2208
4825	45.2228
4826	45.2228
4827	45.2228
4828	45.2154
4829	45.2154
4830	45.2154
4831	45.2154
4832	45.1987
4833	45.21
4834	45.2213
4835	45.2213
4836	45.2213
4837	45.214
4838	45.2253
4839	45.2253
4840	45.2253
4841	45.2253
4842	45.2086
4843	45.2199
4844	45.2199
4845	45.2219
4846	45.2219
4847	45.2239
4848	45.2351
4849	45.2464
4850	45.2577
4851	45.2577
4852	45.2577
4853	45.2577
4854	45.241
4855	45.2523
4856	45.2636
4857	45.2749
4858	45.2749
4859	45.2768
4860	45.2768
4861	45.2768
4862	45.2768
4863	45.2768
4864	45.2768
4865	45.2768
4866	45.2322
4867	45.2435
4868	45.2435
4869	45.2454
4870	45.2454
4871	45.2454
4872	45.2454
4873	45.2288
4874	45.2288
4875	45.2308
4876	45.242
4877	45.2532
4878	45.2532
4879	45.2532
4880	45.2459
4881	45.2459
4882	45.2478
4883	45.2591
4884	45.2703
4885	45.2815
4886	45.2815
4887	45.2815
4888	45.2815
4889	45.2815
4890	45.2556
4891	45.2668
4892	45.2668
4893	45.2668
4894	45.2668
4895	45.2668
4896	45.2668
4897	45.2668
4898	45.2225
4899	45.2337
4900	45.2449
4901	45.2449
4902	45.2449
4903	45.2376
4904	45.2376
4905	45.2376
4906	45.2303
4907	45.2303
4908	45.2303
4909	45.2303
4910	45.2303
4911	45.2046
4912	45.2158
4913	45.2158
4914	45.2158
4915	45.2158
4916	45.2158
4917	45.2158
4918	45.181
4919	45.181
4920	45.1829
4921	45.1829
4922	45.1849
4923	45.196
4924	45.196
4925	45.198
4926	45.198
4927	45.198
4928	45.198
4929	45.1816
4930	45.1816
4931	45.1816
4932	45.1816
4933	45.1652
4934	45.1652
4935	45.1652
4936	45.1652
4937	45.1489
4938	45.16
4939	45.16
4940	45.16
4941	45.16
4942	45.1437
4943	45.1548
4944	45.1548
4945	45.1548
4946	45.1476
4947	45.1476
4948	45.1496
4949	45.1496
4950	45.1515
4951	45.1626
4952	45.1737
4953	45.1847
4954	45.1847
4955	45.1867
4956	45.1867
4957	45.1886
4958	45.1997
4959	45.1997
4960	45.2016
4961	45.2127
4962	45.2127
4963	45.2146
4964	45.2256
4965	45.2256
4966	45.2275
4967	45.2386
4968	45.2496
4969	45.2496
4970	45.2515
4971	45.2625
4972	45.2735
4973	45.2735
4974	45.2735
4975	45.2663
4976	45.2663
4977	45.2682
4978	45.2792
4979	45.2902
4980	45.2902
4981	45.2902
4982	45.283
4983	45.294
4984	45.305
4985	45.305
4986	45.305
4987	45.305
4988	45.305
4989	45.305
4990	45.2705
4991	45.2815
4992	45.2815
4993	45.2815
4994	45.2743
4995	45.2853
4996	45.2962
4997	45.2962
4998	45.2981
4999	45.3091
5000	45.3091
5001	45.3109
5002	45.3109
5003	45.3109
5004	45.3109
5005	45.2947
5006	45.2947
5007	45.2966
5008	45.3075
5009	45.3184
5010	45.3184
5011	45.3184
5012	45.3184
5013	45.3022
5014	45.3131
5015	45.324
5016	45.324
5017	45.3259
5018	45.3368
5019	45.3477
5020	45.3477
5021	45.3477
5022	45.3477
5023	45.3315
5024	45.3424
5025	45.3424
5026	45.3442
5027	45.3551
5028	45.3551
5029	45.3569
5030	45.3678
5031	45.3678
5032	45.3696
5033	45.3696
5034	45.3696
5035	45.3625
5036	45.3625
5037	45.3643
5038	45.3643
5039	45.3643
5040	45.3643
5041	45.3643
5042	45.3643
5043	45.3643
5044	45.3212
5045	45.332
5046	45.332
5047	45.3339
5048	45.3447
5049	45.3555
5050	45.3663
5051	45.3663
5052	45.3682
5053	45.3682
5054	45.3682
5055	45.3682
5056	45.3521
5057	45.3629
5058	45.3629
5059	45.3629
5060	45.3629
5061	45.3629
5062	45.3629
5063	45.3629
5064	45.3629
5065	45.311
5066	45.311
5067	45.311
5068	45.3039
5069	45.3039
5070	45.3039
5071	45.2968
5072	45.3076
5073	45.3184
5074	45.3291
5075	45.3291
5076	45.331
5077	45.331
5078	45.331
5079	45.3239
5080	45.3239
5081	45.3239
5082	45.3239
5083	45.3079
5084	45.3079
5085	45.3079
5086	45.3079
5087	45.2919
5088	45.3027
5089	45.3134
5090	45.3242
5091	45.3349
5092	45.3349
5093	45.3367
5094	45.3367
5095	45.3386
5096	45.3386
5097	45.3404
5098	45.3404
5099	45.3404
5100	45.3333
5101	45.3333
5102	45.3333
5103	45.3263
5104	45.337
5105	45.337
5106	45.337
5107	45.3299
5108	45.3406
5109	45.3513
5110	45.362
5111	45.3727
5112	45.3727
5113	45.3745
5114	45.3745
5115	45.3745
5116	45.3745
5117	45.3745
5118	45.3745
5119	45.3745
5120	45.332
5121	45.3427
5122	45.3534
5123	45.3534
5124	45.3534
5125	45.3534
5126	45.3534
5127	45.3287
5128	45.3287
5129	45.3287
5130	45.3287
5131	45.3287
5132	45.3287
5133	45.3287
5134	45.3287
5135	45.3287
5136	45.3287
5137	45.2599
5138	45.2705
5139	45.2812
5140	45.2918
5141	45.2918
5142	45.2937
5143	45.3043
5144	45.3043
5145	45.3061
5146	45.3167
5147	45.3274
5148	45.3274
5149	45.3292
5150	45.3398
5151	45.3504
5152	45.361
5153	45.361
5154	45.361
5155	45.361
5156	45.361
5157	45.361
5158	45.3276
5159	45.3382
5160	45.3488
5161	45.3594
5162	45.37
5163	45.37
5164	45.3718
5165	45.3718
5166	45.3718
5167	45.3718
5168	45.3718
5169	45.3718
5170	45.3718
5171	45.3297
5172	45.3297
5173	45.3297
5174	45.3228
5175	45.3228
5176	45.3228
5177	45.3228
5178	45.3228
5179	45.3228
5180	45.2896
5181	45.3001
5182	45.3001
5183	45.3019
5184	45.3125
5185	45.3125
5186	45.3125
5187	45.3125
5188	45.3125
5189	45.3125
5190	45.2794
5191	45.2794
5192	45.2794
5193	45.2725
5194	45.2725
5195	45.2743
5196	45.2848
5197	45.2848
5198	45.2848
5199	45.2779
5200	45.2779
5201	45.2779
5202	45.2779
5203	45.2779
5204	45.2537
5205	45.2642
5206	45.2642
5207	45.2642
5208	45.2642
5209	45.2642
5210	45.2642
5211	45.2642
5212	45.2642
5213	45.2642
5214	45.2052
5215	45.2157
5216	45.2157
5217	45.2157
5218	45.2089
5219	45.2089
5220	45.2107
5221	45.2212
5222	45.2212
5223	45.2231
5224	45.2231
5225	45.2249
5226	45.2354
5227	45.2354
5228	45.2372
5229	45.2477
5230	45.2581
5231	45.2686
5232	45.2791
5233	45.2791
5234	45.2791
5235	45.2791
5236	45.2791
5237	45.2791
5238	45.2463
5239	45.2463
5240	45.2481
5241	45.2481
5242	45.2481
5243	45.2481
5244	45.2481
5245	45.2481
5246	45.2481
5247	45.2068
5248	45.2172
5249	45.2172
5250	45.219
5251	45.2295
5252	45.2295
5253	45.2295
5254	45.2295
5255	45.2141
5256	45.2245
5257	45.2245
5258	45.2245
5259	45.2177
5260	45.2281
5261	45.2385
5262	45.249
5263	45.249
5264	45.2508
5265	45.2612
5266	45.2612
5267	45.263
5268	45.2733
5269	45.2733
5270	45.2751
5271	45.2751
5272	45.2751
5273	45.2683
5274	45.2787
5275	45.2787
5276	45.2805
5277	45.2805
5278	45.2805
5279	45.2805
5280	45.2652
5281	45.2652
5282	45.2652
5283	45.2652
5284	45.2498
5285	45.2602
5286	45.2705
5287	45.2705
5288	45.2723
5289	45.2827
5290	45.2827
5291	45.2827
5292	45.2827
5293	45.2673
5294	45.2777
5295	45.288
5296	45.2983
5297	45.2983
5298	45.2983
5299	45.2916
5300	45.2916
5301	45.2916
5302	45.2848
5303	45.2848
5304	45.2848
5305	45.2848
5306	45.2695
5307	45.2798
5308	45.2798
5309	45.2798
5310	45.2798
5311	45.2645
5312	45.2645
5313	45.2663
5314	45.2663
5315	45.2681
5316	45.2681
5317	45.2681
5318	45.2681
5319	45.2681
5320	45.2681
5321	45.2359
5322	45.2359
5323	45.2376
5324	45.2376
5325	45.2394
5326	45.2497
5327	45.26
5328	45.2703
5329	45.2703
5330	45.2703
5331	45.2636
5332	45.2738
5333	45.2738
5334	45.2738
5335	45.2671
5336	45.2671
5337	45.2689
5338	45.2791
5339	45.2791
5340	45.2809
5341	45.2809
5342	45.2809
5343	45.2742
5344	45.2742
5345	45.276
5346	45.2862
5347	45.2964
5348	45.2964
5349	45.2964
5350	45.2964
5351	45.2964
5352	45.2964
5353	45.2964
5354	45.2964
5355	45.2474
5356	45.2577
5357	45.2577
5358	45.2577
5359	45.251
5360	45.2612
5361	45.2714
5362	45.2714
5363	45.2732
5364	45.2834
5365	45.2834
5366	45.2834
5367	45.2767
5368	45.2869
5369	45.2869
5370	45.2886
5371	45.2886
5372	45.2886
5373	45.282
5374	45.2921
5375	45.2921
5376	45.2939
5377	45.2939
5378	45.2957
5379	45.3058
5380	45.3058
5381	45.3058
5382	45.3058
5383	45.3058
5384	45.2823
5385	45.2823
5386	45.2823
5387	45.2823
5388	45.2823
5389	45.2589
5390	45.2589
5391	45.2606
5392	45.2606
5393	45.2624
5394	45.2624
5395	45.2641
5396	45.2641
5397	45.2641
5398	45.2641
5399	45.2641
5400	45.2641
5401	45.2324
5402	45.2324
5403	45.2324
5404	45.2258
5405	45.2258
5406	45.2258
5407	45.2192
5408	45.2293
5409	45.2293
5410	45.2293
5411	45.2227
5412	45.2227
5413	45.2245
5414	45.2245
5415	45.2245
5416	45.2245
5417	45.2095
5418	45.2095
5419	45.2113
5420	45.2113
5421	45.2113
5422	45.2047
5423	45.2047
5424	45.2047
5425	45.1982
5426	45.1982
5427	45.1999
5428	45.1999
5429	45.1999
5430	45.1999
5431	45.1999
5432	45.1999
5433	45.1999
5434	45.1999
5435	45.1999
5436	45.1999
5437	45.1352
5438	45.1352
5439	45.137
5440	45.1471
5441	45.1571
5442	45.1571
5443	45.1589
5444	45.169
5445	45.169
5446	45.169
5447	45.169
5448	45.169
5449	45.1459
5450	45.1459
5451	45.1459
5452	45.1459
5453	45.1311
5454	45.1311
5455	45.1329
5456	45.1329
5457	45.1347
5458	45.1347
5459	45.1365
5460	45.1465
5461	45.1566
5462	45.1566
5463	45.1566
5464	45.1501
5465	45.1601
5466	45.1601
5467	45.1619
5468	45.1619
5469	45.1619
5470	45.1554
5471	45.1554
5472	45.1554
5473	45.1489
5474	45.1589
5475	45.1589
5476	45.1607
5477	45.1607
5478	45.1607
5479	45.1607
5480	45.1607
5481	45.1607
5482	45.1295
5483	45.1395
5484	45.1395
5485	45.1395
5486	45.1395
5487	45.1248
5488	45.1248
5489	45.1248
5490	45.1248
5491	45.1248
5492	45.102
5493	45.102
5494	45.102
5495	45.0955
5496	45.0955
5497	45.0973
5498	45.0973
5499	45.0991
5500	45.0991
5501	45.0991
5502	45.0927
5503	45.0927
5504	45.0927
5505	45.0927
5506	45.0781
5507	45.0781
5508	45.0799
5509	45.0799
5510	45.0799
5511	45.0735
5512	45.0735
5513	45.0735
5514	45.0735
5515	45.0589
5516	45.0689
5517	45.0788
5518	45.0788
5519	45.0788
5520	45.0725
5521	45.0824
5522	45.0824
5523	45.0824
5524	45.0824
5525	45.0679
5526	45.0778
5527	45.0778
5528	45.0796
5529	45.0796
5530	45.0814
5531	45.0913
5532	45.1012
5533	45.1112
5534	45.1112
5535	45.1112
5536	45.1112
5537	45.0966
5538	45.1065
5539	45.1164
5540	45.1264
5541	45.1264
5542	45.1281
5543	45.1281
5544	45.1281
5545	45.1281
5546	45.1281
5547	45.1281
5548	45.1281
5549	45.0892
5550	45.0991
5551	45.0991
5552	45.1009
5553	45.1009
5554	45.1009
5555	45.1009
5556	45.0864
5557	45.0864
5558	45.0882
5559	45.098
5560	45.1079
5561	45.1079
5562	45.1079
5563	45.1016
5564	45.1016
5565	45.1033
5566	45.1132
5567	45.123
5568	45.1329
5569	45.1329
5570	45.1329
5571	45.1329
5572	45.1329
5573	45.1104
5574	45.1202
5575	45.1202
5576	45.1202
5577	45.1202
5578	45.1202
5579	45.1202
5580	45.1202
5581	45.0815
5582	45.0914
5583	45.1012
5584	45.1012
5585	45.1012
5586	45.0949
5587	45.0949
5588	45.0949
5589	45.0886
5590	45.0886
5591	45.0886
5592	45.0886
5593	45.0886
5594	45.0886
5595	45.0581
5596	45.0581
5597	45.0581
5598	45.0518
5599	45.0518
5600	45.0518
5601	45.0518
5602	45.0518
5603	45.0518
5604	45.0214
5605	45.0312
5606	45.0312
5607	45.033
5608	45.0428
5609	45.0428
5610	45.0428
5611	45.0428
5612	45.0428
5613	45.0428
5614	45.0125
5615	45.0125
5616	45.0125
5617	45.0062
5618	45.0062
5619	45.008
5620	45.0178
5621	45.0178
5622	45.0178
5623	45.0116
5624	45.0116
5625	45.0116
5626	45.0116
5627	45.0116
5628	44.9893
5629	44.9991
5630	44.9991
5631	44.9991
5632	44.9991
5633	44.9991
5634	44.9991
5635	44.9991
5636	44.9991
5637	44.9991
5638	44.945
5639	44.9548
5640	44.9548
5641	44.9548
5642	44.9486
5643	44.9486
5644	44.9504
5645	44.9601
5646	44.9601
5647	44.9619
5648	44.9619
5649	44.9637
5650	44.9734
5651	44.9734
5652	44.9752
5653	44.985
5654	44.9947
5655	45.0044
5656	45.0141
5657	45.0141
5658	45.0141
5659	45.0141
5660	45.0141
5661	45.0141
5662	44.9841
5663	44.9841
5664	44.9859
5665	44.9859
5666	44.9859
5667	44.9859
5668	44.9859
5669	44.9859
5670	44.9859
5671	44.948
5672	44.9577
5673	44.9577
5674	44.9595
5675	44.9692
5676	44.9692
5677	44.9692
5678	44.9692
5679	44.9551
5680	44.9648
5681	44.9648
5682	44.9648
5683	44.9586
5684	44.9683
5685	44.978
5686	44.9877
5687	44.9877
5688	44.9877
5689	44.9815
5690	44.9912
5691	44.9912
5692	44.9912
5693	44.9851
5694	44.9851
5695	44.9868
5696	44.9965
5697	45.0061
5698	45.0061
5699	45.0079
5700	45.0079
5701	45.0079
5702	45.0018
5703	45.0018
5704	45.0018
5705	45.0018
5706	45.0018
5707	44.9799
5708	44.9799
5709	44.9816
5710	44.9816
5711	44.9816
5712	44.9816
5713	44.9676
5714	44.9772
5715	44.9869
5716	44.9869
5717	44.9869
5718	44.9869
5719	44.9869
5720	44.9869
5721	44.9869
5722	44.9493
5723	44.9493
5724	44.9511
5725	44.9511
5726	44.9511
5727	44.945
5728	44.945
5729	44.9468
5730	44.9468
5731	44.9485
5732	44.9581
5733	44.9581
5734	44.9581
5735	44.9581
5736	44.9581
5737	44.9581
5738	44.9581
5739	44.9581
5740	44.9581
5741	44.9581
5742	44.8972
5743	44.8972
5744	44.8972
5745	44.8912
5746	44.8912
5747	44.8912
5748	44.8912
5749	44.8912
5750	44.8912
5751	44.8618
5752	44.8713
5753	44.8713
5754	44.8731
5755	44.8827
5756	44.8827
5757	44.8827
5758	44.8827
5759	44.8827
5760	44.8827
5761	44.8533
5762	44.8533
5763	44.8533
5764	44.8473
5765	44.8473
5766	44.8491
5767	44.8587
5768	44.8587
5769	44.8587
5770	44.8527
5771	44.8527
5772	44.8527
5773	44.8527
5774	44.8527
5775	44.8312
5776	44.8407
5777	44.8407
5778	44.8407
5779	44.8407
5780	44.8407
5781	44.8407
5782	44.8407
5783	44.8407
5784	44.8407
5785	44.7882
5786	44.7978
5787	44.7978
5788	44.7978
5789	44.7918
5790	44.7918
5791	44.7936
5792	44.8032
5793	44.8032
5794	44.805
5795	44.805
5796	44.8068
5797	44.8163
5798	44.8163
5799	44.8181
5800	44.8276
5801	44.8371
5802	44.8466
5803	44.8561
5804	44.8561
5805	44.8561
5806	44.8561
5807	44.8561
5808	44.8561
5809	44.827
5810	44.827
5811	44.8288
5812	44.8288
5813	44.8288
5814	44.8288
5815	44.8288
5816	44.8288
5817	44.8288
5818	44.792
5819	44.8015
5820	44.8015
5821	44.8033
5822	44.8128
5823	44.8128
5824	44.8128
5825	44.8128
5826	44.7992
5827	44.8087
5828	44.8087
5829	44.8087
5830	44.8027
5831	44.8122
5832	44.8217
5833	44.8217
5834	44.8217
5835	44.8217
5836	44.8217
5837	44.8217
5838	44.8217
5839	44.7851
5840	44.7945
5841	44.804
5842	44.804
5843	44.804
5844	44.7981
5845	44.8075
5846	44.8075
5847	44.8075
5848	44.8016
5849	44.8016
5850	44.8034
5851	44.8129
5852	44.8223
5853	44.8223
5854	44.8241
5855	44.8241
5856	44.8241
5857	44.8182
5858	44.8182
5859	44.8182
5860	44.8182
5861	44.8182
5862	44.797
5863	44.797
5864	44.7988
5865	44.7988
5866	44.7988
5867	44.7988
5868	44.7853
5869	44.7947
5870	44.8041
5871	44.8041
5872	44.8041
5873	44.8041
5874	44.8041
5875	44.8041
5876	44.8041
5877	44.7677
5878	44.7677
5879	44.7695
5880	44.7695
5881	44.7695
5882	44.7637
5883	44.7637
5884	44.7655
5885	44.7655
5886	44.7672
5887	44.7766
5888	44.7766
5889	44.7766
5890	44.7766
5891	44.7766
5892	44.7766
5893	44.7766
5894	44.7766
5895	44.7766
5896	44.7766
5897	44.7177
5898	44.7177
5899	44.7177
5900	44.7119
5901	44.7119
5902	44.7119
5903	44.7119
5904	44.7119
5905	44.7119
5906	44.6834
5907	44.6927
5908	44.6927
5909	44.6945
5910	44.7039
5911	44.7039
5912	44.7039
5913	44.7039
5914	44.7039
5915	44.7039
5916	44.6755
5917	44.6755
5918	44.6755
5919	44.6697
5920	44.6697
5921	44.6715
5922	44.6809
5923	44.6809
5924	44.6809
5925	44.6751
5926	44.6751
5927	44.6751
