1	18.6875
2	34.4706
3	33.4706
4	24.25
5	25.3571
6	17.4667
7	15
8	20.2
9	25
10	21.5385
11	31.1667
12	7.69231
13	19.7143
14	25
15	33.9375
16	32.1176
17	23.5263
18	29.7778
19	33.4211
20	29.95
21	23.7
22	30.4762
23	27.6818
24	35.4348
25	34.75
26	31.68
27	13.64
28	19.0385
29	27.6923
30	32.5769
31	33.1538
32	22.7778
33	15.3462
34	18.0769
35	36
36	19.0769
37	31.7308
38	33.25
39	35.5217
40	33.6522
41	34.8696
42	28.7273
43	25.2609
44	31.3636
45	31.0455
46	25.9048
47	28.2
48	25.6111
49	36.3889
50	23.5625
51	27.5333
52	18.4
53	22.7857
54	25.5385
55	19.9333
56	34.2143
57	26
58	25.7692
59	31.0769
60	27.6154
61	33.3571
62	11.7692
63	30.5714
64	17.2
65	32.0667
66	19.4286
67	24.8571
68	13.2857
69	16.875
70	28.0625
71	31.4375
72	27.1875
73	33.1875
74	14.1333
75	26.0625
76	31.3125
77	18.8125
78	24.2353
79	33.2222
80	21.9412
81	23.3889
82	30.2105
83	14.4286
84	25.9545
85	17.2609
86	31.0833
87	14.375
88	21.4583
89	31.4583
90	24.9583
91	12.8
92	31.5385
93	11.48
94	19.0435
95	33.5455
96	32.125
97	30.375
98	29.9167
99	21.0417
100	15.5652
101	29.0417
102	24.375
103	17.3913
104	16.1739
105	22.6818
106	28.7619
107	20
108	22.6316
109	18.9
110	15.2381
111	16.35
112	13.3182
113	18.3478
114	22.6087
115	19
116	30.7143
117	29.7
118	12.6
119	29.75
120	33.8182
121	36.15
122	31.1429
123	27.0952
124	28.6
125	21.6087
126	24.5
127	25.8
128	35.0769
129	28.1481
130	33.2222
131	18.3704
132	19.0769
133	20.1111
134	15.3333
135	13.44
136	18.2
137	26.4348
138	36.4545
139	17.2609
140	23.08
141	14.32
142	24.68
143	30.8846
144	20.5714
145	20.3333
146	30.8966
147	17.7857
148	15.1071
149	24.7333
150	22.8148
151	14.4615
152	30.3333
153	32.625
154	26.8636
155	25.1818
156	29.7391
157	37.0833
158	35.0435
159	15.5652
160	34.7391
161	31.0417
162	22.88
163	18.5833
164	30.5217
165	25.8636
166	32.9545
167	29.3182
168	26.7727
169	23.4762
170	17.2727
171	20.7
172	26.3182
173	33
174	33.4091
175	30.3043
176	30.5652
177	30.875
178	34.5217
179	35.625
180	35.72
181	28.08
182	12.7083
183	32.5417
184	38.087
185	32.2609
186	37.6667
187	34.2
188	38.5
189	32.2
190	36
191	36.7222
192	36.8235
193	36.7059
194	27.0588
195	34.9412
196	35.5263
197	36.2632
198	32.0526
199	23.15
200	36.4762
201	35
202	35.1429
203	37.0952
204	36.9048
205	36.2381
206	36
207	37.9048
208	37.5238
209	36.3182
210	37.9565
211	38.3478
212	32.1739
213	34.2609
214	37.5
215	37.9583
216	35.8333
217	37
218	36.5
219	35.6522
220	38.1364
221	26.8182
222	19
223	35.6087
224	34.9524
225	34.1579
226	31.1111
227	37.6471
228	34.5556
229	37.2941
230	30.9412
231	13.6471
232	35.3
233	31.45
234	28.5
235	34.5263
236	34.95
237	37.1818
238	35.375
239	34.6923
240	36.4583
241	33.3462
242	36.7407
243	36.2963
244	34.5357
245	35.7407
246	29.3462
247	35.625
248	36.3043
249	33.36
250	36.3846
251	34.2963
252	36.7667
253	37.4483
254	29.5
255	37.4
256	35.1613
257	35.6667
258	33.2333
259	30.6333
260	35.2069
261	35.4667
262	17.8276
263	36.1034
264	29.5862
265	33.6667
266	36.3333
267	13.6
268	16.5333
269	20.7333
270	37.6875
271	38.625
272	24.5806
273	22.7879
274	36.0312
275	17.3548
276	29.4194
277	38.9286
278	32.2414
279	37.2143
280	33.6786
281	38.0345
282	31.2143
283	32.4138
284	38.2759
285	30.2143
286	29.1923
287	37.2308
288	36.0833
289	33.8636
290	35.2273
291	32.85
292	37.1579
293	38.1111
294	33.5882
295	33.2941
296	26.5556
297	35.3
298	37.0476
299	35.6667
300	34.0476
301	35.9091
302	32.9565
303	35.8636
304	28.2727
305	25.7826
306	34.9048
307	35.9545
308	33.1429
309	35.5714
310	13.8696
311	35.0435
312	26.56
313	32.12
314	35.3333
315	34.1923
316	30.0741
317	33.6552
318	35.9
319	36.1333
320	32.5517
321	29.963
322	36.88
323	33.3636
324	37.7619
325	35.5909
326	37.9524
327	27.4286
328	34.9048
329	37.7143
330	36.9091
331	34.7619
332	29.25
333	33.5
334	31.3636
335	35
336	27.5652
337	30.5238
338	31.7391
339	34.619
340	36.5909
341	37.4545
342	37
343	36.0526
344	35.7619
345	37.5
346	37.7
347	29.5909
348	37.6364
349	36.2917
350	37.04
351	32.76
352	32.44
353	22.12
354	31.9231
355	33.9167
356	36.5185
357	32.1429
358	36.5172
359	37.6667
360	25.6538
361	28.7692
362	33.8519
363	35.963
364	33.1481
365	37.4444
366	37.7143
367	36.4
368	37.0968
369	34.6333
370	33.6452
371	36.4516
372	35.1034
373	33.6
374	37.6897
375	37.2069
376	35.2143
377	37.8214
378	36.9286
379	36.8929
380	31.5357
381	36.8519
382	36.24
383	37.5
384	37.625
385	37.6
386	32.88
387	37.7917
388	35.6522
389	36.3333
390	31.8261
391	32.9048
392	33.2
393	30.85
394	34.4737
395	34.6667
396	29.3684
397	32.2381
398	30.4
399	36
400	35.65
401	36.1818
402	23.4783
403	35.4348
404	32.3478
405	35
406	27.5217
407	33
408	34.7083
409	35
410	35.0417
411	26.25
412	36.2083
413	30.3478
414	30.8636
415	38.2273
416	35.1739
417	35.0833
418	33.8333
419	30.32
420	31.16
421	38.1154
422	38.2917
423	37.88
424	31.5
425	31.8333
426	37.8261
427	37.4348
428	37.3913
429	37
430	34.1739
431	21.8636
432	31.5652
433	37.1739
434	37.3182
435	24.5217
436	29.9545
437	32.9091
438	38.2917
439	37.2917
440	34.5417
441	31.4
442	34.2083
443	36.5
444	34.4167
445	36.875
446	19.2
447	34.1111
448	37.7778
449	37.3333
450	35.0769
451	37.72
452	37.5
453	33.3462
454	35.5385
455	36.8846
456	34.72
457	35.7917
458	37.4348
459	33.7917
460	24
461	28.5
462	36.0417
463	34.0435
464	29.6
465	25.9231
466	32.25
467	35.6957
468	36.4783
469	38.3478
470	30.3077
471	31.2
472	35.087
473	34.2273
474	34.6364
475	36.3182
476	36
477	36.0952
478	34.619
479	32.2381
480	18.75
481	36.1429
482	33.0952
483	29.5714
484	38.05
485	38.1111
486	36.2105
487	37.3333
488	38.3333
489	37.9375
490	38.4667
491	37.6875
492	37.7647
493	33.6667
494	31.2778
495	35.2
496	35.5
497	37.0625
498	22.0588
499	26.8889
500	35.75
501	31.8
502	28.5714
503	32.6667
504	33.9048
505	32.0455
506	36.2727
507	35.6522
508	23.72
509	33.9231
510	33.9231
511	33.92
512	37.9615
513	30.8077
514	13.7407
515	25
516	22.6429
517	32.4333
518	34.931
519	34.25
520	36
521	36.9655
522	36.5185
523	35.4643
524	29.4643
525	28.5185
526	12.8148
527	35.5185
528	36.12
529	33.75
530	30.2083
531	28.9565
532	36.7619
533	37.5263
534	37.6667
535	29.9
536	37
537	30.6
538	37.65
539	33.5714
540	35
541	31.6087
542	36.3182
543	29.5455
544	34.7826
545	32.4545
546	32.087
547	30.3043
548	29.619
549	27.1579
550	35.1667
551	32.1111
552	31.0588
553	34.7059
554	34.8947
555	19.6842
556	37.25
557	33.95
558	38.25
559	36.25
560	36.7778
561	35.25
562	37.25
563	34.5789
564	35.8824
565	35.8824
566	35.375
567	35.2
568	35.9333
569	27.2857
570	32.7857
571	31.5
572	33.2143
573	22.7143
574	36.6429
575	33.6667
576	30.6
577	37.5625
578	19.2353
579	34.8667
580	36
581	26.2353
582	34.1765
583	29.3889
584	37
585	36.7368
586	36.2222
587	34.4706
588	35.7222
589	32.2105
590	36.3158
591	35.5789
592	32.3889
593	22.05
594	31.1429
595	11.8636
596	13.7727
597	32.1667
598	30.125
599	34.08
600	34.12
601	34.4074
602	31.8889
603	32.4444
604	32.7857
605	34.6071
606	34.2308
607	34.9615
608	36.6
609	33.375
610	28.4167
611	36.5833
612	34.375
613	31.7083
614	31.2609
615	33.9048
616	32.4
617	36.1905
618	24.4737
619	37.3158
620	23.2632
621	34.4706
622	36.2667
623	36.4118
624	35.8235
625	31.8235
626	26.6667
627	33.2941
628	35.1176
629	34.75
630	34.9333
631	35.9333
632	28.875
633	33.875
634	37
635	32.2941
636	37.625
637	36.7778
638	29.4
639	35.95
640	36.95
641	27.7619
642	24.4286
643	35.95
644	32.55
645	36.85
646	29.05
647	36.3636
648	33.3333
649	32.7619
650	33.8636
651	37.381
652	32.7083
653	35.52
654	28.6667
655	35.8077
656	33.0769
657	36.64
658	37.037
659	35.2963
660	29.7308
661	34.8621
662	33.4444
663	37.9583
664	38.5417
665	38.3333
666	38.28
667	36.92
668	34.2
669	31.52
670	36.125
671	38.56
672	36.9583
673	36.52
674	37
675	33.4231
676	36.1538
677	22.0417
678	36.087
679	36.7273
680	32.4091
681	33
682	34.5909
683	38.1429
684	30.2381
685	38.8095
686	36.8421
687	29.9
688	38.5
689	34.0833
690	27.75
691	37.75
692	37.5417
693	37.7083
694	38.2174
695	34.92
696	37.9167
697	35.25
698	37.0455
699	38
700	35.6111
701	31.5
702	34.5333
703	36.1176
704	34.2778
705	38.2105
706	32.5789
707	36.5789
708	37.2778
709	33.7778
710	37.3889
711	38
712	34.8235
713	38.1875
714	29
715	34.0667
716	37.0714
717	25.8571
718	35.875
719	28.7059
720	28.6
721	34.0588
722	34.4118
723	34.6111
724	33.3889
725	31.5
726	27.1111
727	34.1053
728	35.5294
729	35.1333
730	32.7059
731	36.6
732	34
733	37.381
734	37.6818
735	37.0455
736	36.5455
737	37
738	37.1364
739	35.3043
740	36.25
741	29.6957
742	34.7826
743	37.7273
744	33.619
745	37.4286
746	34.7
747	32.5789
748	37.1667
749	38.9474
750	30.6667
751	34.4545
752	31.5
753	36.8636
754	36.7273
755	34.4286
756	36.6
757	32.7619
758	32.45
759	36.1905
760	33.12
761	32.56
762	36.0833
763	36.9583
764	36.6364
765	35.9091
766	37.2609
767	21.1818
768	38.1818
769	37.7273
770	30.6818
771	34.6087
772	38
773	35.6087
774	36.1304
775	36.5909
776	33.3636
777	37.5909
778	34.8696
779	35.88
780	35.2609
781	30.6818
782	35.619
783	28.0455
784	35.1
785	36.8125
786	38.3125
787	33.5294
788	37.3125
789	35.2353
790	38.9412
791	30.1667
792	16.4211
793	37.8333
794	36.5556
795	34
796	36.3529
797	27.7222
798	36.5
799	34.7778
800	35.6111
801	35.5556
802	29.7778
803	35.8333
804	32.9412
805	34.1176
806	33.9412
807	6.23529
808	35.7059
809	31.8889
810	33.2778
811	20.0526
812	30.3158
813	29.5714
814	33.8636
815	21.7619
816	37.1579
817	23.6667
818	24.7143
819	34
820	35.619
821	14.9
822	28.45
823	33.55
824	35.65
825	32
826	33.2105
827	28
828	29.7778
829	36.0556
830	22.7895
831	30
832	37.3889
833	33.0526
834	36.5556
835	36
836	34.4444
837	35.3529
838	31.4118
839	37.2
840	30.2667
841	35.0625
842	36
843	36.2667
844	12.5625
845	33.0588
846	35.8333
847	36.6316
848	28.381
849	31.6
850	36.8
851	30.6667
852	35.4762
853	36.7
854	36.2
855	35.5
856	36.55
857	35.15
858	31
859	38.3
860	37.4
861	37.0952
862	24.2381
863	37.8
864	35.7143
865	32.2609
866	36.5217
867	33.913
868	38.3043
869	34.9091
870	36.5714
871	36.2273
872	36.0476
873	36
874	37.5455
875	28.5
876	36.4348
877	38.2727
878	37.5
879	38.8261
880	38.2727
881	28.5417
882	37.24
883	36.4
884	33.44
885	37.92
886	37.8846
887	37.3333
888	35.4815
889	37.0741
890	37.6
891	38.4167
892	38.08
893	31.44
894	38.3846
895	37.9259
896	38.24
897	38.5417
898	35.64
899	38.4583
900	29.5652
901	34.2273
902	38.2727
903	37.4
904	37.5714
905	38.3333
906	35.4762
907	38.2381
908	31.5714
909	38.1905
910	35.7143
911	37.85
912	38.7895
913	29.75
914	36.8
915	37.7143
916	35.5238
917	36.7619
918	32.7143
919	32.619
920	39.15
921	35.9
922	28.9048
923	32.6
924	36.3
925	26.7619
926	38.381
927	37.9091
928	36.6957
929	31.0909
930	38.1818
931	37.95
932	36.5263
933	35.0526
934	34.7778
935	37.9412
936	37.9375
937	38.6471
938	38.3529
939	34.6875
940	38.125
941	36.1176
942	32.6
943	35.0667
944	38.0714
945	33.8
946	35.4667
947	32.8
948	37.2143
949	38.2308
950	37.6154
951	24
952	38
953	38.75
954	35.6667
955	35.6667
956	33.8571
957	35.4667
958	36.2143
959	36.2
960	36.3333
961	35.8571
962	36.65
963	33.3333
964	32.9444
965	27.1667
966	36.5
967	36.7619
968	28.9524
969	28.9048
970	37.6667
971	34.8571
972	36.6
973	38.0476
974	35.9091
975	36.0476
976	35.1304
977	35.9583
978	31.2609
979	38.625
980	33.9615
981	36.3333
982	33.2609
983	34.7917
984	31.087
985	37.2381
986	37.1053
987	25.4737
988	38.2381
989	37.6667
990	36.5455
991	33.95
992	36.9474
993	38.2632
994	35.9474
995	38.6316
996	38.1
997	31.5909
998	28.1818
999	37.9545
1000	35.9615
1001	37.5217
1002	17.1304
1003	31.25
1004	31.2
1005	20.0833
1006	20.4167
1007	14.4583
1008	17.16
1009	20.1923
1010	28.5769
1011	20.7407
1012	30.3704
1013	13.44
1014	27.3846
1015	31.4
1016	36.5417
1017	34.12
1018	32.96
1019	31.5
1020	34.68
1021	33.625
1022	32.5652
1023	32.9545
1024	34.3333
1025	37.9412
1026	38.1176
1027	34.375
1028	21.4118
1029	27.4375
1030	31.125
1031	34.2941
1032	35.2222
1033	22.3529
1034	17.5294
1035	18.1875
1036	32.7857
1037	13.8571
1038	27.5333
1039	28.8
1040	32.7143
1041	33.3571
1042	34.9231
1043	33
1044	26.1818
1045	30.6667
1046	31.0769
1047	23.6154
1048	26
1049	27.5714
1050	34.5882
1051	19.25
1052	23.0476
1053	16.9474
1054	19.9444
1055	21.4444
1056	10.1667
1057	29.7647
1058	20.4211
1059	21.4762
1060	29.6522
1061	18.3043
1062	29.5833
1063	7.86957
1064	26.5455
1065	15.9545
1066	33.5
1067	23.2609
1068	32.9565
1069	22.625
1070	29.4783
1071	32.75
1072	31.9565
1073	28.6957
1074	32.6
1075	17
1076	31.7143
1077	32.1905
1078	21.1364
1079	20.48
1080	31.32
1081	19.5
1082	27.875
1083	30.5652
1084	9.75
1085	25
1086	16.3889
1087	31.5
1088	15.8571
1089	22.9048
1090	32.7619
1091	26.381
1092	18.45
1093	35.35
1094	24.2105
1095	26
1096	34.7222
1097	35.2105
1098	33.0556
1099	27.7895
1100	19.05
1101	17.7895
1102	23.5789
1103	19.6316
1104	16.5625
1105	10.75
1106	13.0588
1107	24.3889
1108	9.35294
1109	20.2941
1110	18.2941
1111	10.0556
1112	13.4
1113	5.25
1114	21.2941
1115	25.3889
1116	19.4737
1117	33.4737
1118	33.1053
1119	21.4211
1120	28.9474
1121	34.8421
1122	36.3158
1123	29.4286
1124	22.6
1125	24.2222
1126	20.6316
1127	25.25
1128	26.2
1129	34.2
1130	27.3
1131	30.2632
1132	18.1667
1133	19.5294
1134	19.6
1135	15.0476
1136	15.15
1137	20.6667
1138	25.35
1139	36.3158
1140	17.4737
1141	22.7778
1142	17.6667
1143	28.3684
1144	34.2105
1145	27.2105
1146	24.15
1147	29.2381
1148	19.6316
1149	11.5789
1150	22.4
1151	22.3684
1152	16.9412
1153	29.8333
1154	27.8095
1155	25.9524
1156	19.5
1157	30.6957
1158	35.6087
1159	33.2
1160	14
1161	33.4286
1162	28.25
1163	22
1164	15.4
1165	27.6
1166	27.4762
1167	32.6957
1168	29.9565
1169	26.2083
1170	26.6667
1171	19.9583
1172	21.6667
1173	28.7917
1174	34.4348
1175	31.1739
1176	31.52
1177	29.4074
1178	30.4
1179	33.3043
1180	35.9091
1181	33.9583
1182	26.4348
1183	11.1739
1184	33.2083
1185	37.36
1186	31.1667
1187	35.96
1188	34.7857
1189	36.8966
1190	31.75
1191	35.4074
1192	35.7308
1193	35.7308
1194	36.2
1195	27.48
1196	35.9615
1197	37.7917
1198	36.5833
1199	32.5833
1200	29.4167
1201	37.9583
1202	36.75
1203	36.4
1204	36.96
1205	36.4074
1206	36.76
1207	36.7778
1208	37.7778
1209	35.8929
1210	34.8571
1211	37
1212	36.6154
1213	30.6957
1214	32.3478
1215	37.2609
1216	36.875
1217	34.7826
1218	37.4545
1219	36.6667
1220	34.9583
1221	38.5455
1222	26.75
1223	21.72
1224	37.3333
1225	36.875
1226	34.6818
1227	30.65
1228	37.7
1229	34.5789
1230	37.5
1231	32.5294
1232	18.5625
1233	37.2353
1234	35.8
1235	28.0667
1236	36.6
1237	35.6
1238	37.4118
1239	37.25
1240	35.5882
1241	37.75
1242	33.2353
1243	37.1111
1244	36.375
1245	36.2667
1246	34.8667
1247	26.9333
1248	35.875
1249	35.75
1250	33.2941
1251	35.6111
1252	32.3684
1253	36.7895
1254	35.9048
1255	23.8636
1256	36
1257	33.4091
1258	36.2727
1259	32.087
1260	30.5455
1261	33.7273
1262	35.64
1263	13.125
1264	36.4583
1265	27.7826
1266	34.6957
1267	36.5652
1268	17.7917
1269	22.0833
1270	24.08
1271	38.1154
1272	38.2308
1273	26.88
1274	22.7692
1275	36
1276	18.8
1277	25.4
1278	37.5
1279	27.4
1280	37.2609
1281	33.1667
1282	38.28
1283	31.56
1284	32.8462
1285	37.8889
1286	25
1287	25.0769
1288	36.48
1289	34.56
1290	34.5769
1291	34.963
1292	34.2692
1293	36.625
1294	37.875
1295	35.1739
1296	35.5217
1297	27.2857
1298	37.7
1299	39
1300	37.7
1301	35.5
1302	36.3
1303	35.5556
1304	36.7222
1305	31.95
1306	22.0952
1307	35.6842
1308	36.5263
1309	35.3889
1310	34.1667
1311	12.2778
1312	33.3889
1313	31.8889
1314	31.1579
1315	35
1316	33.8947
1317	32.2105
1318	33.1053
1319	37.1
1320	35.85
1321	33.0952
1322	27.0435
1323	34.9615
1324	32.913
1325	36.1304
1326	36.2083
1327	35.28
1328	23.875
1329	32.5
1330	36.4583
1331	34.96
1332	34.7692
1333	29.0769
1334	31.8148
1335	31.4815
1336	36.52
1337	33.6154
1338	34.68
1339	31.875
1340	36.76
1341	37.64
1342	38.6154
1343	37.88
1344	36.4583
1345	36.8696
1346	37.9091
1347	37.0476
1348	34.5294
1349	38.2353
1350	35.3125
1351	37.4706
1352	33.25
1353	33.75
1354	23.0588
1355	29.6667
1356	30.8824
1357	35.4706
1358	32.375
1359	36.9286
1360	38.3571
1361	30.4
1362	34.5333
1363	35.2857
1364	36.8571
1365	36.3077
1366	38.0833
1367	38.1818
1368	37.6667
1369	37.9231
1370	33.0769
1371	34.9286
1372	37
1373	34.4706
1374	27.65
1375	36.4762
1376	35.9474
1377	33.1667
1378	35.9444
1379	33.6111
1380	35.4118
1381	30.4211
1382	35.5714
1383	34.8696
1384	36.8261
1385	35.5
1386	36.9565
1387	32.6364
1388	38
1389	36.8636
1390	37.8696
1391	33
1392	32.4583
1393	33.8696
1394	27.8333
1395	37.0435
1396	34.9565
1397	28.16
1398	33.8696
1399	29.5238
1400	35.5238
1401	34.5455
1402	34.68
1403	26.16
1404	35.2083
1405	33.625
1406	35.6087
1407	30.35
1408	34.4444
1409	35.5
1410	36.4
1411	36.2381
1412	25.2381
1413	37.8095
1414	30.3333
1415	34.9
1416	38.6
1417	36
1418	35
1419	32.6111
1420	31.6842
1421	28.8889
1422	38.1053
1423	37.75
1424	37.4211
1425	30.1053
1426	29.3684
1427	37.125
1428	36.625
1429	37.2941
1430	36.8333
1431	34.3529
1432	21.4706
1433	31.5294
1434	36.5556
1435	37.4
1436	26.1875
1437	28.4706
1438	34.2778
1439	38.7368
1440	37.4737
1441	33.3158
1442	33.6316
1443	35.6842
1444	37.2632
1445	36.3158
1446	37.2857
1447	20.55
1448	33.8889
1449	37.6316
1450	37.1
1451	35.95
1452	36.8
1453	36.55
1454	33.0526
1455	34.7222
1456	37.1176
1457	35.15
1458	35.8095
1459	37.55
1460	33.1429
1461	24.4
1462	29.5789
1463	34.5789
1464	34.8889
1465	24.0556
1466	30.5263
1467	30.3158
1468	36.1053
1469	36.05
1470	37.1905
1471	34.1579
1472	31.6842
1473	34.75
1474	34.6316
1475	35.8824
1476	35.8889
1477	34.7143
1478	35.4762
1479	35.9545
1480	31.913
1481	16.2174
1482	34.95
1483	32.0526
1484	28.3333
1485	36.25
1486	37.2632
1487	35.45
1488	36.25
1489	38.6667
1490	37.1739
1491	37.913
1492	36.1667
1493	37.75
1494	35.7083
1495	29.4583
1496	35.9583
1497	36.2609
1498	37.7826
1499	20.48
1500	28.6296
1501	35.6
1502	33.7391
1503	29.0455
1504	33.3333
1505	35.4348
1506	35.4348
1507	37.5833
1508	36.36
1509	25.2083
1510	34.76
1511	33
1512	32.8621
1513	37.9286
1514	30.2593
1515	11.5
1516	24.1154
1517	25.76
1518	32.12
1519	34.1538
1520	34.125
1521	36.375
1522	36.75
1523	36
1524	36.0417
1525	28.7083
1526	27.72
1527	13.56
1528	35.1481
1529	35.08
1530	31.4444
1531	25
1532	28.7857
1533	36.6429
1534	35.2963
1535	35.2692
1536	29.2609
1537	35.9565
1538	30.2174
1539	36.6667
1540	35.4348
1541	36.2727
1542	33.0833
1543	36.7083
1544	30.9545
1545	36.25
1546	35.04
1547	34.25
1548	29.2917
1549	32.9091
1550	31.45
1551	34.75
1552	32.0526
1553	32.4444
1554	34.9412
1555	35.875
1556	25.7647
1557	35.6
1558	34.8
1559	37.3333
1560	33.3333
1561	35.4118
1562	31.375
1563	35.7647
1564	33.8125
1565	36.6471
1566	34.1667
1567	35.5
1568	35.9333
1569	36.2
1570	29.3333
1571	34
1572	35
1573	34.2941
1574	25.6667
1575	35.9474
1576	34.4737
1577	27.619
1578	36.1364
1579	14.4545
1580	33.7727
1581	34.2273
1582	29.1739
1583	33.9545
1584	32.6364
1585	34.92
1586	35.5833
1587	34.9167
1588	35
1589	36.6957
1590	34
1591	37.6667
1592	37.875
1593	33.88
1594	27.9615
1595	31.5385
1596	17
1597	16.4231
1598	35.9167
1599	28.08
1600	34.48
1601	35.2308
1602	29.76
1603	32.1739
1604	32.2083
1605	36.4
1606	35.84
1607	35.9231
1608	33.7037
1609	34.1379
1610	34.6923
1611	36.36
1612	36.6
1613	33.3462
1614	25.4444
1615	33.8462
1616	17.2917
1617	17.4583
1618	35.3478
1619	35.3478
1620	nan
